ZONING,ZONING_WEB_URL,ZONING_CHANGE_NARRATIVE,ZONING_STATUS,ZONING_LABEL,ZONE_DESCRIPTION,ZONE_DISTRICT,IZ_DESIGNATION,ZR58,ZR16,GLOBALID,OBJECTID,SHAPEAREA,SHAPELEN
MU-6B,https://handbook.dcoz.dc.gov/zones/mixed-use/MU-6/,"Official Digital Zoning Map of July 1, 2010; ZC 21-08 renamed zone from MU-6 to MU-6B",Final,MU-6B,Permits medium to high density mixed-use development with a focus on residential use,Mixed-Use Zone,,C-2-C,MU-6B,{91645645-0BC7-49F4-A4AC-5B8235297256},740727,0,0
MU-4,https://handbook.dcoz.dc.gov/zones/mixed-use/MU-4/,"Official Digital Zoning Map of July 1, 2010",Final,MU-4,Permits moderate density mixed use development,Mixed-Use Zone,,C-2-A,MU-4,{5F1733A7-5DAD-4C11-A368-FB58415B3BE1},740728,0,0
RA-5,https://handbook.dcoz.dc.gov/zones/residential-apartment/RA-5/,"Official Digital Zoning Map of July 1, 2010",Final,RA-5,permits high-density apartments,Residential Apartment Zone,,R-5-E,RA-5,{BB8644D3-B31C-4392-B8B2-968D4BC86AE8},740729,0,0
PDR-2,https://handbook.dcoz.dc.gov/zones/production-distribution-and-repair/pdr-2/,"Official Digital Zoning Map of July 1, 2010",Final,PDR-2,"Permits medium density commercial and production, distribution, and repair activities requiring some heavy machinery","Production, Distribution, and Repair Zone",,C-M-2,PDR-2,{D82B269C-E6A0-4C52-B4A4-CDD29A2E0306},740730,0,0
RA-4,https://handbook.dcoz.dc.gov/zones/residential-apartment/RA-4/,"Official Digital Zoning Map of July 1, 2010",Final,RA-4,Permits medium to high-desnity apartments,Residential Apartment Zone,,R-5-D,RA-4,{9535D742-A44B-44A5-9A8A-85319A5DCD21},740731,0,0
MU-10,https://handbook.dcoz.dc.gov/zones/mixed-use/MU-10/,"Official Digital Zoning Map of July 1, 2010",Final,MU-10,Permits medium to high density mixed-use development with a balance of uses ,Mixed-Use Zone,,CR,MU-10,{26F3A691-BAED-48BE-965D-44A8CE3344C3},740732,0,0
RA-5,https://handbook.dcoz.dc.gov/zones/residential-apartment/RA-5/,"Official Digital Zoning Map of July 1, 2010",Final,RA-5,permits high-density apartments,Residential Apartment Zone,,R-5-E,RA-5,{D6DEEB5E-9A50-4D15-9D83-EA0B0566CA14},740733,0,0
MU-4,https://handbook.dcoz.dc.gov/zones/mixed-use/MU-4/,"Fixed Mapping Error on March 12, 2012 by removing nodes in Square 1057",Final,MU-4,Permits moderate density mixed use development,Mixed-Use Zone,,C-2-A,MU-4,{F45DB3DB-1E80-4789-9646-B209FE087A78},740734,0,0
MU-3A,https://handbook.dcoz.dc.gov/zones/mixed-use/MU-3/,"Official Digital Zoning Map of July 1, 2010",Final,MU-3A,Permits low density mixed use development ,Mixed-Use Zone,,C-1,MU-3A,{B71C0BDE-1AAA-4BF6-96F8-830DC4859732},740735,0,0
RA-4,https://handbook.dcoz.dc.gov/zones/residential-apartment/RA-4/,"Official Digital Zoning Map of July 1, 2010",Final,RA-4,Permits medium to high-desnity apartments,Residential Apartment Zone,,R-5-D,RA-4,{AF67504D-F24C-4010-B2D4-6669829BCCB9},740736,0,0
R-1-B,https://handbook.dcoz.dc.gov/zones/residential/R-1-B/,"Misc map corrections in Square 5388 on March 30, 2012",Final,R-1-B,Provides areas predominantly developed with detached houses on moderately sized lots.,Residential Zone,,R-1-B,R-1-B,{2B9E0938-4DFD-4BD9-AEE2-D41442FC1F84},740737,0,0
MU-3A,https://handbook.dcoz.dc.gov/zones/mixed-use/MU-3/,"Official Digital Zoning Map of July 1, 2010",Final,MU-3A,Permits low density mixed use development ,Mixed-Use Zone,,C-1,MU-3A,{A729ECAB-3EB3-440A-AC43-F5D4F3E5D3AE},740738,0,0
MU-3A,https://handbook.dcoz.dc.gov/zones/mixed-use/MU-3/,"Official Digital Zoning Map of July 1, 2010",Final,MU-3A,Permits low density mixed use development ,Mixed-Use Zone,,C-1,MU-3A,{9208529E-9529-4073-8CEE-329AE4EA20D6},740739,0,0
MU-4,https://handbook.dcoz.dc.gov/zones/mixed-use/MU-4/,"Official Digital Zoning Map of July 1, 2010",Final,MU-4,Permits moderate density mixed use development,Mixed-Use Zone,,C-2-A,MU-4,{63002887-5267-466A-B237-196F8E1386D1},740740,0,0
RA-3,https://handbook.dcoz.dc.gov/zones/residential-apartment/RA-3/,"Official Digital Zoning Map of July 1, 2010",Final,RA-3,Permits moderate to medium density apartments,Residential Apartment Zone,,R-5-C,RA-3,{4EE979BC-3F4A-4F43-9851-39C6CEC7A393},740741,0,0
D-2,https://handbook.dcoz.dc.gov/zones/downtown/d-2/,"Official Digital Zoning Map of July 1, 2010",Final,D-2,Ensures development consistent with historic resources in the vicinity of Judiciary Square and the White House,Downtown Zone,,SP-2,D-2,{33BCD6D0-E94A-4FB5-A1F6-C2BCC8DE7FB1},740742,0,0
MU-3A,https://handbook.dcoz.dc.gov/zones/mixed-use/MU-3/,"Official Digital Zoning Map of July 1, 2010",Final,MU-3A,Permits low density mixed use development ,Mixed-Use Zone,,C-1,MU-3A,{D69B2EBD-941E-4E11-8B1B-E1CAC694AA10},740743,0,0
MU-4,https://handbook.dcoz.dc.gov/zones/mixed-use/MU-4/,"Official Digital Zoning Map of July 1, 2010",Final,MU-4,Permits moderate density mixed use development,Mixed-Use Zone,,C-2-A,MU-4,{C15E1CE5-883E-4ED5-9612-2ED3B92097A5},740744,0,0
MU-3A,https://handbook.dcoz.dc.gov/zones/mixed-use/MU-3/,"Official Digital Zoning Map of July 1, 2010",Final,MU-3A,Permits low density mixed use development ,Mixed-Use Zone,,C-1,MU-3A,{BF7260A2-5DF1-455A-8E0C-C7D0BC7B1028},740745,0,0
RA-4,https://handbook.dcoz.dc.gov/zones/residential-apartment/RA-4/,"Official Digital Zoning Map of July 1, 2010",Final,RA-4,Permits medium to high-desnity apartments,Residential Apartment Zone,,R-5-D,RA-4,{A6A0BC09-07FF-4A03-9F03-34FB4AA7CDA7},740746,0,0
MU-3A,https://handbook.dcoz.dc.gov/zones/mixed-use/MU-3/,"Official Digital Zoning Map of July 1, 2010",Final,MU-3A,Permits low density mixed use development ,Mixed-Use Zone,,C-1,MU-3A,{90954672-4808-45DB-AF21-B9AD0BF5B039},740747,0,0
MU-4,https://handbook.dcoz.dc.gov/zones/mixed-use/MU-4/,"Official Digital Zoning Map of July 1, 2010",Final,MU-4,Permits moderate density mixed use development,Mixed-Use Zone,,C-2-A,MU-4,{09C032DA-FCFB-49B0-89D8-3DD7B428C63D},740748,0,0
RA-4,https://handbook.dcoz.dc.gov/zones/residential-apartment/RA-4/,"Official Digital Zoning Map of July 1, 2010",Final,RA-4,Permits medium to high-desnity apartments,Residential Apartment Zone,,R-5-D,RA-4,{FDD5D04C-ACB5-4B9B-874E-D0005918E530},740749,0,0
MU-4,https://handbook.dcoz.dc.gov/zones/mixed-use/MU-4/,"Fixed zoning boundary in Square 3187 to match DCGIS baist map on March 23, 2012",Final,MU-4,Permits moderate density mixed use development,Mixed-Use Zone,,C-2-A,MU-4,{9216A2F4-C53E-4C5F-8896-14F7BBB71759},740750,0,0
MU-4,https://handbook.dcoz.dc.gov/zones/mixed-use/MU-4/,"Official Digital Zoning Map of July 1, 2010",Final,MU-4,Permits moderate density mixed use development,Mixed-Use Zone,,C-2-A,MU-4,{F7ABC451-8BB2-4BB1-AC5A-694AA76345A0},740751,0,0
MU-4,https://handbook.dcoz.dc.gov/zones/mixed-use/MU-4/,"Official Digital Zoning Map of July 1, 2010",Final,MU-4,Permits moderate density mixed use development,Mixed-Use Zone,,C-2-A,MU-4,{8B0E8C02-690A-42A4-B8DC-4EA1B2672294},740752,0,0
MU-5A,https://handbook.dcoz.dc.gov/zones/mixed-use/MU-5A/,"Correction of Maping error to align zoning boundary to match property line between Lots 246 and 244 in Square 0621 on March 7, 2012 ",Final,MU-5A,"Permits medium density, compact mixed-use development with an emphasis on residential use",Mixed-Use Zone,,C-2-B,MU-5A,{98D0EFE0-F1CB-4630-8DEF-15608CADC43A},740753,0,0
MU-4,https://handbook.dcoz.dc.gov/zones/production-distribution-and-repair/pdr-1/,"MA from PDR-1 to MU-4 by ZC 18-07 on March 13, 2020",Final,MU-4,Permits moderate density mixed use development,Mixed-Use Zone,,C-2-A,MU-4,{58A16764-6934-48CE-B5E3-F5A3D3B1ADC0},740754,0,0
MU-3A,https://handbook.dcoz.dc.gov/zones/mixed-use/MU-3/,"Official Digital Zoning Map of July 1, 2010",Final,MU-3A,Permits low density mixed use development ,Mixed-Use Zone,,C-1,MU-3A,{4BDED55F-0F17-4AFA-8A4F-4EDF51DDC429},740755,0,0
PDR-2,https://handbook.dcoz.dc.gov/zones/production-distribution-and-repair/pdr-2/,"Official Digital Zoning Map of July 1, 2010",Final,PDR-2,"Permits medium density commercial and production, distribution, and repair activities requiring some heavy machinery","Production, Distribution, and Repair Zone",,C-M-2,PDR-2,{61CCF393-055B-43F1-8F77-0AA68D082575},740756,0,0
MU-7B,https://handbook.dcoz.dc.gov/zones/mixed-use/MU-7/,"Fixed map error of SSL 4507 936, 07/14/11, Misc map correction in Square 4068 on March 26, 2012; Misc map correction in Square 4488 on March 28, 2012. Line adjustment for new lot sub 4507-171, 10/1/2021; ZC 21-08 renamed zone from MU-7 to MU-7B",Final,MU-7B,Permits medium density mixed-use development,Mixed-Use Zone,,C-3-A,MU-7B,{9F1BDA92-E3AB-4FAA-BB38-24FCEF992404},740757,0,0
MU-4,https://handbook.dcoz.dc.gov/zones/mixed-use/MU-4/,"Official Digital Zoning Map of July 1, 2010",Final,MU-4,Permits moderate density mixed use development,Mixed-Use Zone,,C-2-A,MU-4,{3FA9668C-CFDF-4FF0-A03E-B324EB8A28F0},740758,0,0
RA-4,https://handbook.dcoz.dc.gov/zones/residential-apartment/RA-4/,"Official Digital Zoning Map of July 1, 2010",Final,RA-4,Permits medium to high-desnity apartments,Residential Apartment Zone,,R-5-D,RA-4,{C8CEF09D-A7D1-4032-831A-26EB3D0E341F},740759,0,0
RA-3,https://handbook.dcoz.dc.gov/zones/residential-apartment/RA-3/,Amendments made based on ZC 10-19,Final,RA-3,Permits moderate to medium density apartments,Residential Apartment Zone,,R-5-C,RA-3,{6B0DE288-C022-410D-81F5-B5E738645209},740760,0,0
MU-4,https://handbook.dcoz.dc.gov/zones/mixed-use/MU-4/,"Official Digital Zoning Map of July 1, 2010",Final,MU-4,Permits moderate density mixed use development,Mixed-Use Zone,,C-2-A,MU-4,{248FDC45-EAE1-49FD-854B-63BB0A16666C},740761,0,0
MU-4,https://handbook.dcoz.dc.gov/zones/mixed-use/MU-4/,"Official Digital Zoning Map of July 1, 2010",Final,MU-4,Permits moderate density mixed use development,Mixed-Use Zone,,C-2-A,MU-4,{E99A87B2-DC85-4432-AADF-F7B5E1628C79},740762,0,0
MU-4,https://handbook.dcoz.dc.gov/zones/mixed-use/MU-4/,"Official Digital Zoning Map of July 1, 2010",Final,MU-4,Permits moderate density mixed use development,Mixed-Use Zone,,C-2-A,MU-4,{694602BB-6A9F-482A-B768-DEA55CE7FFF4},740763,0,0
MU-3A,https://handbook.dcoz.dc.gov/zones/mixed-use/MU-3/,"Official Digital Zoning Map of July 1, 2010",Final,MU-3A,Permits low density mixed use development ,Mixed-Use Zone,,C-1,MU-3A,{5FF568F4-0DE7-4A89-B8E6-0E71FB20EA73},740764,0,0
RA-4,https://handbook.dcoz.dc.gov/zones/residential-apartment/RA-4/,"Official Digital Zoning Map of July 1, 2010",Final,RA-4,Permits medium to high-desnity apartments,Residential Apartment Zone,,R-5-D,RA-4,{8617FC07-28C1-4AD5-AADC-15422B991090},740765,0,0
MU-3A,https://handbook.dcoz.dc.gov/zones/mixed-use/MU-3/,"Official Digital Zoning Map of July 1, 2010",Final,MU-3A,Permits low density mixed use development ,Mixed-Use Zone,,C-1,MU-3A,{B3DE927F-1CB1-48A7-B482-C4A240566C67},740766,0,0
MU-2,https://handbook.dcoz.dc.gov/zones/mixed-use/MU-2/,"Official Digital Zoning Map of July 1, 2010",Final,MU-2,Permits medium density residential and non-residential buildings,Mixed-Use Zone,,SP-2,MU-2,{77D4BE10-0EE0-47F0-B397-CA30C7AE6EF5},740767,0,0
MU-4,https://handbook.dcoz.dc.gov/zones/mixed-use/MU-4/,"Official Digital Zoning Map of July 1, 2010",Final,MU-4,Permits moderate density mixed use development,Mixed-Use Zone,,C-2-A,MU-4,{BF065AC5-314D-4A71-9D8C-D7913E90D80A},740768,0,0
MU-14,https://handbook.dcoz.dc.gov/zones/mixed-use/MU-14/,"Fixed Zoning boundary in Square 5861, 5789, 5805 on April 19, 2012 to match official zoning records",Final,MU-14,Permits high density mixed-use development in the vicinity of the waterfront,Mixed-Use Zone,,W-3,MU-14,{60CBA36C-1C50-48C2-93EA-622BFFA32660},740769,0,0
R-1-B,https://handbook.dcoz.dc.gov/zones/residential/R-1-B/,"Official Digital Zoning Map of July 1, 2010",Final,R-1-B,Provides areas predominantly developed with detached houses on moderately sized lots.,Residential Zone,,R-1-B,R-1-B,{930769AF-7A4A-43C8-85F8-7E31A75CA0DA},740770,0,0
MU-4,https://handbook.dcoz.dc.gov/zones/mixed-use/MU-4/,"Miscellaneous map corrections in Square 2910 on March 22, 2012",Final,MU-4,Permits moderate density mixed use development,Mixed-Use Zone,,C-2-A,MU-4,{6CB07C42-C469-4326-B50C-914367FFB280},740771,0,0
RA-3,https://handbook.dcoz.dc.gov/zones/residential-apartment/RA-3/,"Official Digital Zoning Map of July 1, 2010",Final,RA-3,Permits moderate to medium density apartments,Residential Apartment Zone,,R-5-C,RA-3,{E845D5F8-C0C4-4A4B-BEC3-31E8A0AEBBD9},740772,0,0
MU-4,https://handbook.dcoz.dc.gov/zones/mixed-use/MU-4/,"Official Digital Zoning Map of July 1, 2010",Final,MU-4,Permits moderate density mixed use development,Mixed-Use Zone,,C-2-A,MU-4,{9EF5DC34-1F96-499D-A7C8-7D981083140A},740773,0,0
RA-4,https://handbook.dcoz.dc.gov/zones/residential-apartment/RA-4/,"Official Digital Zoning Map of July 1, 2010",Final,RA-4,Permits medium to high-desnity apartments,Residential Apartment Zone,,R-5-D,RA-4,{57897510-E591-4CB0-9F58-47992CA73ADE},740774,0,0
MU-3A,https://handbook.dcoz.dc.gov/zones/mixed-use/MU-3/,"Official Digital Zoning Map of July 1, 2010",Final,MU-3A,Permits low density mixed use development ,Mixed-Use Zone,,C-1,MU-3A,{61438DB2-D000-4A4E-B8A5-398C5C0AC4F4},740775,0,0
MU-4,https://handbook.dcoz.dc.gov/zones/mixed-use/MU-4/,"Official Digital Zoning Map of July 1, 2010",Final,MU-4,Permits moderate density mixed use development,Mixed-Use Zone,,C-2-A,MU-4,{22D2140D-3F88-449D-96D0-681E992F92A4},740776,0,0
MU-3A,https://handbook.dcoz.dc.gov/zones/mixed-use/MU-3/,"Official Digital Zoning Map of July 1, 2010",Final,MU-3A,Permits low density mixed use development ,Mixed-Use Zone,,C-1,MU-3A,{2795BB04-3B35-4DB2-805C-1E59934E2A3A},740777,0,0
MU-4,https://handbook.dcoz.dc.gov/zones/mixed-use/MU-4/,"Official Digital Zoning Map of July 1, 2010",Final,MU-4,Permits moderate density mixed use development,Mixed-Use Zone,,C-2-A,MU-4,{D562B91C-40D4-40E9-BD1F-3B7BB62EE88D},740778,0,0
MU-4,https://handbook.dcoz.dc.gov/zones/mixed-use/MU-4/,"Official Digital Zoning Map of July 1, 2010",Final,MU-4,Permits moderate density mixed use development,Mixed-Use Zone,,C-2-A,MU-4,{0438A412-4BD6-4332-954E-7E18E72EE3EB},740779,0,0
MU-4,https://handbook.dcoz.dc.gov/zones/mixed-use/MU-4/,"Official Digital Zoning Map of July 1, 2010",Final,MU-4,Permits moderate density mixed use development,Mixed-Use Zone,,C-2-A,MU-4,{15FCC3A3-BC1A-46EE-BF7A-85C2C4B51C4C},740780,0,0
D-5,https://handbook.dcoz.dc.gov/zones/downtown/d-5/,"Official Digital Zoning Map of July 1, 2010",Final,D-5,Promotes high-density development of commercial and mixed-uses in areas that had been receiving areas for transferable development rights under Chapter 17 of the 1958 Zoning Regulations,Downtown Zone,,C-3-C,D-5,{D95BB361-9B34-4F59-BFA7-6E00A735D271},740781,0,0
PDR-1,https://handbook.dcoz.dc.gov/zones/production-distribution-and-repair/pdr-1/,"Fixed zoning boundary in Square 3594 to match DCGIS baist map on March 23, 2012; Misc map corrections in Square 804 on Apr 26, 2012",Final,PDR-1,"Permits moderate density commercial and production, distribution, and repair activities requiring some heavy machinery","Production, Distribution, and Repair Zone",,C-M-1,PDR-1,{49B8B373-641D-48A8-B898-366CD7C5B6A5},740782,0,0
MU-4,https://handbook.dcoz.dc.gov/zones/mixed-use/MU-4/,"Official Digital Zoning Map of July 1, 2010",Final,MU-4,Permits moderate density mixed use development,Mixed-Use Zone,,C-2-A,MU-4,{A45E7941-2B14-4299-A367-277AE81DC3FE},740783,0,0
MU-7B,https://handbook.dcoz.dc.gov/zones/mixed-use/MU-7/,"Official Digital Zoning Map of July 1, 2010; ZC 21-08 renamed zone from MU-7 to MU-7B",Final,MU-7B,Permits medium density mixed-use development,Mixed-Use Zone,,C-3-A,MU-7B,{D37BA8EE-BC68-4734-A9BE-834585298BE9},740784,0,0
UNZONED,https://handbook.dcoz.dc.gov/,"Official Digital Zoning Map of July 1, 2010",Final,UNZONED,,Unzoned,,UNZONED,UNZONED,{87B9FD9E-85A8-4C0D-812F-414EB9F6F234},740785,0,0
MU-4,https://handbook.dcoz.dc.gov/zones/mixed-use/MU-4/,"Official Digital Zoning Map of July 1, 2010",Final,MU-4,Permits moderate density mixed use development,Mixed-Use Zone,,C-2-A,MU-4,{FF9D8525-15AF-45F2-A30D-53AF26A6B917},740786,0,0
MU-3A,https://handbook.dcoz.dc.gov/zones/mixed-use/MU-3/,"Official Digital Zoning Map of July 1, 2010",Final,MU-3A,Permits low density mixed use development ,Mixed-Use Zone,,C-1,MU-3A,{019AADBF-BE22-4D8C-A7F4-E11A6C6AF1A0},740787,0,0
MU-7B,https://handbook.dcoz.dc.gov/zones/mixed-use/MU-7/,"Official Digital Zoning Map of July 1, 2010; ZC 21-08 renamed zone from MU-7 to MU-7B",Final,MU-7B,Permits medium density mixed-use development,Mixed-Use Zone,,C-3-A,MU-7B,{A3613C72-CE92-4A51-9520-AD3149CF099F},740788,0,0
MU-6B,https://handbook.dcoz.dc.gov/zones/mixed-use/MU-6/,"Official Digital Zoning Map of July 1, 2010; ZC 21-08 renamed zone from MU-6 to MU-6B",Final,MU-6B,Permits medium to high density mixed-use development with a focus on residential use,Mixed-Use Zone,,C-2-C,MU-6B,{B639E121-E918-4C00-B0C1-C96B214B23FF},740789,0,0
RA-4,https://handbook.dcoz.dc.gov/zones/residential-apartment/RA-4/,"Official Digital Zoning Map of July 1, 2010",Final,RA-4,Permits medium to high-desnity apartments,Residential Apartment Zone,,R-5-D,RA-4,{9E297B62-F4B7-4A05-B20F-35B3E74753FA},740790,0,0
MU-7B,https://handbook.dcoz.dc.gov/zones/mixed-use/MU-7/,"Official Digital Zoning Map of July 1, 2010; ZC 21-08 renamed zone from MU-7 to MU-7B",Final,MU-7B,Permits medium density mixed-use development,Mixed-Use Zone,,C-3-A,MU-7B,{29207484-3E1F-4F08-8E4C-C7F860F9A3A2},740791,0,0
MU-5A,https://handbook.dcoz.dc.gov/zones/mixed-use/MU-5A/,"Official Digital Zoning Map of July 1, 2010",Final,MU-5A,"Permits medium density, compact mixed-use development with an emphasis on residential use",Mixed-Use Zone,,C-2-B,MU-5A,{8AE4554C-46CF-47FA-BBC2-86FDFDB0B187},740792,0,0
RA-4,https://handbook.dcoz.dc.gov/zones/residential-apartment/RA-4/,Fixed Error after ZCO 06-11J/12J mistkae,Final,RA-4,Permits medium to high-desnity apartments,Residential Apartment Zone,,R-5-D,RA-4,{965897A6-E5AC-4C7F-AFEF-21F524B98D72},740793,0,0
MU-3A,https://handbook.dcoz.dc.gov/zones/mixed-use/MU-3/,"Official Digital Zoning Map of July 1, 2010",Final,MU-3A,Permits low density mixed use development ,Mixed-Use Zone,,C-1,MU-3A,{EA7C4557-7D0A-48F5-87A8-DAC434A6B334},740794,0,0
MU-5A,https://handbook.dcoz.dc.gov/zones/mixed-use/MU-5A/,"Official Digital Zoning Map of July 1, 2010",Final,MU-5A,"Permits medium density, compact mixed-use development with an emphasis on residential use",Mixed-Use Zone,,C-2-B,MU-5A,{6EF340D0-6867-4F52-8D4C-0EA878D72097},740795,0,0
RA-3,https://handbook.dcoz.dc.gov/zones/residential-apartment/RA-3/,"Official Digital Zoning Map of July 1, 2010",Final,RA-3,Permits moderate to medium density apartments,Residential Apartment Zone,,R-5-C,RA-3,{AD3436EF-2F8F-4BBE-A490-E00C334029B2},740796,0,0
MU-4,https://handbook.dcoz.dc.gov/zones/mixed-use/MU-4/,"Misc map correction in Square 5194 on March 29, 2012",Final,MU-4,Permits moderate density mixed use development,Mixed-Use Zone,,C-2-A,MU-4,{48800D8C-7551-4DEB-8188-A28EBBFA0F4D},740797,0,0
RA-4,https://handbook.dcoz.dc.gov/zones/residential-apartment/RA-4/,"Official Digital Zoning Map of July 1, 2010",Final,RA-4,Permits medium to high-desnity apartments,Residential Apartment Zone,,R-5-D,RA-4,{36C2757A-66D5-40D8-966E-D7D663962E35},740798,0,0
MU-4,https://handbook.dcoz.dc.gov/zones/mixed-use/MU-4/,"Official Digital Zoning Map of July 1, 2010",Final,MU-4,Permits moderate density mixed use development,Mixed-Use Zone,,C-2-A,MU-4,{9197722E-4646-40E9-B044-26279F000C4D},740799,0,0
PDR-1,https://handbook.dcoz.dc.gov/zones/production-distribution-and-repair/pdr-1/,"Official Digital Zoning Map of July 1, 2010",Final,PDR-1,"Permits moderate density commercial and production, distribution, and repair activities requiring some heavy machinery","Production, Distribution, and Repair Zone",,C-M-1,PDR-1,{FF2F15CA-AC77-4670-A53B-3810882DE50A},740800,0,0
PDR-3,https://handbook.dcoz.dc.gov/zones/production-distribution-and-repair/pdr-3/,"Official Digital Zoning Map of July 1, 2010",Final,PDR-3,"Permits high density commercial and production, distribution, and repair activities requiring some heavy machinery","Production, Distribution, and Repair Zone",,C-M-3,PDR-3,{751C5635-B378-492D-9D33-4608A99506E1},740801,0,0
MU-4,https://handbook.dcoz.dc.gov/zones/mixed-use/MU-4/,"Official Digital Zoning Map of July 1, 2010",Final,MU-4,Permits moderate density mixed use development,Mixed-Use Zone,,C-2-A,MU-4,{A43DF1F2-BC46-43CB-B92C-FCBB4DD2EC19},740802,0,0
MU-3A,https://handbook.dcoz.dc.gov/zones/mixed-use/MU-3/,"Official Digital Zoning Map of July 1, 2010",Final,MU-3A,Permits low density mixed use development ,Mixed-Use Zone,,C-1,MU-3A,{AA446F7F-8E20-4F04-A787-59B405C966BA},740803,0,0
MU-4,https://handbook.dcoz.dc.gov/zones/mixed-use/MU-4/,"Correction made on March 1, 2012 for a wrongly drawn segment in Square 0306 Parcel 21",Final,MU-4,Permits moderate density mixed use development,Mixed-Use Zone,,C-2-A,MU-4,{D80D3E51-3AC1-4893-9934-12F121495113},740804,0,0
MU-5A,https://handbook.dcoz.dc.gov/zones/mixed-use/MU-5A/,"Official Digital Zoning Map of July 1, 2010",Final,MU-5A,"Permits medium density, compact mixed-use development with an emphasis on residential use",Mixed-Use Zone,,C-2-B,MU-5A,{3A475CA4-DD58-4EB4-97F2-675AB2E8F754},740805,0,0
PDR-3,https://handbook.dcoz.dc.gov/zones/production-distribution-and-repair/pdr-3/,"Fixed Zoning Boundary in Square 3075 to match Official Zoning records on April 18, 2012",Final,PDR-3,"Permits high density commercial and production, distribution, and repair activities requiring some heavy machinery","Production, Distribution, and Repair Zone",,C-M-3,PDR-3,{26F1F3F9-AA76-473D-A62F-3FF38D3EE016},740806,0,0
MU-3A,https://handbook.dcoz.dc.gov/zones/mixed-use/MU-3/,"Official Digital Zoning Map of July 1, 2010",Final,MU-3A,Permits low density mixed use development ,Mixed-Use Zone,,C-1,MU-3A,{331351A2-6012-4146-8DFD-C35CBF891205},740807,0,0
MU-3A,https://handbook.dcoz.dc.gov/zones/mixed-use/MU-3/,"Official Digital Zoning Map of July 1, 2010",Final,MU-3A,Permits low density mixed use development ,Mixed-Use Zone,,C-1,MU-3A,{139DD1A6-CF7F-41FE-BB86-D446DADD0BBC},740808,0,0
MU-4,https://handbook.dcoz.dc.gov/zones/mixed-use/MU-4/,"Official Digital Zoning Map of July 1, 2010",Final,MU-4,Permits moderate density mixed use development,Mixed-Use Zone,,C-2-A,MU-4,{EF2A20EF-677E-48FC-9FEF-370127C79079},740809,0,0
MU-7B,https://handbook.dcoz.dc.gov/zones/mixed-use/MU-7/,"Official Digital Zoning Map of July 1, 2010; ZC 21-08 renamed zone from MU-7 to MU-7B",Final,MU-7B,Permits medium density mixed-use development,Mixed-Use Zone,,C-3-A,MU-7B,{548D4428-A81D-482F-AFB0-551BF82FCBA9},740810,0,0
MU-4,https://handbook.dcoz.dc.gov/zones/mixed-use/MU-4/,"Fixed Zoning boundary in Square 5861, 5789, 5805 on April 19, 2012 to match official zoning records",Final,MU-4,Permits moderate density mixed use development,Mixed-Use Zone,,C-2-A,MU-4,{FC6C30DF-97D3-4EC6-9670-DF53F7BEE24B},740811,0,0
RA-4,https://handbook.dcoz.dc.gov/zones/residential-apartment/RA-4/,"Official Digital Zoning Map of July 1, 2010",Final,RA-4,Permits medium to high-desnity apartments,Residential Apartment Zone,,R-5-D,RA-4,{7B5B8FB4-FB03-46A5-9753-65EFAB028099},740812,0,0
MU-4,https://handbook.dcoz.dc.gov/zones/mixed-use/MU-4/,"Official Digital Zoning Map of July 1, 2010",Final,MU-4,Permits moderate density mixed use development,Mixed-Use Zone,,C-2-A,MU-4,{3F282FC9-2930-45C7-99C6-3C4BCA8158DA},740813,0,0
MU-3A,https://handbook.dcoz.dc.gov/zones/mixed-use/MU-3/,"Official Digital Zoning Map of July 1, 2010",Final,MU-3A,Permits low density mixed use development ,Mixed-Use Zone,,C-1,MU-3A,{A698AB2B-8FBA-48E2-B8D4-6F3B71AAC507},740814,0,0
MU-4,https://handbook.dcoz.dc.gov/zones/mixed-use/MU-4/,"Official Digital Zoning Map of July 1, 2010",Final,MU-4,Permits moderate density mixed use development,Mixed-Use Zone,,C-2-A,MU-4,{BEBE1A9B-FCB9-4740-A32D-A6D501D7F0E5},740815,0,0
MU-4,https://handbook.dcoz.dc.gov/zones/mixed-use/MU-4/,"Official Digital Zoning Map of July 1, 2010",Final,MU-4,Permits moderate density mixed use development,Mixed-Use Zone,,C-2-A,MU-4,{C3CD8560-482E-42DA-8309-ABF8BE648322},740816,0,0
MU-4,https://handbook.dcoz.dc.gov/zones/mixed-use/MU-4/,"Zoning boundary changed in Square 2852 to match Baist Book entry on Apr 27, 2012",Final,MU-4,Permits moderate density mixed use development,Mixed-Use Zone,,C-2-A,MU-4,{D87F0BE0-40AB-4E31-8F43-C7E8C5B1B0C1},740817,0,0
PDR-1,https://handbook.dcoz.dc.gov/zones/production-distribution-and-repair/pdr-1/,"Fixed Zoning boundary in Square 3368 to match official zoning records on April 19, 2012",Final,PDR-1,"Permits moderate density commercial and production, distribution, and repair activities requiring some heavy machinery","Production, Distribution, and Repair Zone",,C-M-1,PDR-1,{1EEE87AF-0425-435A-8FA7-8A0CC58778B2},740818,0,0
MU-3A,https://handbook.dcoz.dc.gov/zones/mixed-use/MU-3/,"Official Digital Zoning Map of July 1, 2010",Final,MU-3A,Permits low density mixed use development ,Mixed-Use Zone,,C-1,MU-3A,{29FDC12F-565D-40D3-A65A-478BE87B346A},740819,0,0
PDR-1,https://handbook.dcoz.dc.gov/zones/production-distribution-and-repair/pdr-1/,"Official Digital Zoning Map of July 1, 2010",Final,PDR-1,"Permits moderate density commercial and production, distribution, and repair activities requiring some heavy machinery","Production, Distribution, and Repair Zone",,C-M-1,PDR-1,{3B5AB975-E125-4AEC-9D77-614C46633857},740820,0,0
MU-4,https://handbook.dcoz.dc.gov/zones/mixed-use/MU-4/,"Official Digital Zoning Map of July 1, 2010",Final,MU-4,Permits moderate density mixed use development,Mixed-Use Zone,,C-2-A,MU-4,{6E33B7C8-93A5-4380-8FD2-DE79C025C037},740821,0,0
MU-13,https://handbook.dcoz.dc.gov/zones/mixed-use/MU-13/,"Official Digital Zoning Map of July 1, 2010",Final,MU-13,Permits medium density mixed-use development in the vicinity of the waterfront,Mixed-Use Zone,,W-2,MU-13,{5A54CC61-226F-4A4C-A012-16173A7F4DE9},740822,0,0
MU-14,https://handbook.dcoz.dc.gov/zones/mixed-use/MU-14/,"Official Digital Zoning Map of July 1, 2010",Final,MU-14,Permits high density mixed-use development in the vicinity of the waterfront,Mixed-Use Zone,,W-3,MU-14,{E7B811DA-1794-40CA-90C1-49B68169BE25},740823,0,0
MU-4,https://handbook.dcoz.dc.gov/zones/mixed-use/MU-4/,"Official Digital Zoning Map of July 1, 2010",Final,MU-4,Permits moderate density mixed use development,Mixed-Use Zone,,C-2-A,MU-4,{3A3ED58C-678A-415D-83F8-EC5F47E94F72},740824,0,0
RA-3,https://handbook.dcoz.dc.gov/zones/residential-apartment/RA-3/,"Official Digital Zoning Map of July 1, 2010",Final,RA-3,Permits moderate to medium density apartments,Residential Apartment Zone,,R-5-C,RA-3,{1F6360F4-EB48-4CE0-A37D-EC1839FC8A8F},740825,0,0
MU-5A,https://handbook.dcoz.dc.gov/zones/mixed-use/MU-5A/,"Fixed mapping error on March 15, 2012 in Square 1823 to match DCGIS baist map; ZC 530; Fixed mapping error in Square 1825 on Apr 23, 2012",Final,MU-5A,"Permits medium density, compact mixed-use development with an emphasis on residential use",Mixed-Use Zone,,C-2-B,MU-5A,{EE9DECCD-6083-4D3E-B303-B3007794DEA0},740826,0,0
MU-4,https://handbook.dcoz.dc.gov/zones/mixed-use/MU-4/,"Fixed zoning boundary in Square 4335 on March 27, 2012 to match official zoning records",Final,MU-4,Permits moderate density mixed use development,Mixed-Use Zone,,C-2-A,MU-4,{AE44FE68-1ACA-4D65-8E42-00DB9DC20D71},740827,0,0
RA-5,https://handbook.dcoz.dc.gov/zones/residential-apartment/RA-5/,"Official Digital Zoning Map of July 1, 2010",Final,RA-5,permits high-density apartments,Residential Apartment Zone,,R-5-E,RA-5,{DADC0D75-FF45-42EC-8E24-F5B63AFEBD10},740828,0,0
RA-4,https://handbook.dcoz.dc.gov/zones/residential-apartment/RA-4/,"Official Digital Zoning Map of July 1, 2010",Final,RA-4,Permits medium to high-desnity apartments,Residential Apartment Zone,,R-5-D,RA-4,{8185910A-0A03-4E1B-B80D-9FC91A966CCF},740829,0,0
MU-4,https://handbook.dcoz.dc.gov/zones/mixed-use/MU-4/,"Official Digital Zoning Map of July 1, 2010",Final,MU-4,Permits moderate density mixed use development,Mixed-Use Zone,,C-2-A,MU-4,{E5C924EC-BD27-4E3C-9AC2-45026ED142AB},740830,0,0
PDR-1,https://handbook.dcoz.dc.gov/zones/production-distribution-and-repair/pdr-1/,"Misc map corrections in Square 3710 on April 26, 2012",Final,PDR-1,"Permits moderate density commercial and production, distribution, and repair activities requiring some heavy machinery","Production, Distribution, and Repair Zone",,C-M-1,PDR-1,{0EDB9B3F-523A-411D-9844-702909C4E699},740831,0,0
RA-5,https://handbook.dcoz.dc.gov/zones/residential-apartment/RA-5/,"Official Digital Zoning Map of July 1, 2010",Final,RA-5,permits high-density apartments,Residential Apartment Zone,,R-5-E,RA-5,{31ABACAA-03D7-4899-9310-C88BF13DC35A},740832,0,0
MU-9B,https://handbook.dcoz.dc.gov/zones/mixed-use/MU-9/,"Official Digital Zoning Map of July 1, 2010; ZC 21-08 renamed zone from MU-9 to MU-9B",Final,MU-9B,"Permits high density mixed-use development including office, retail, and housing with a focus on employment",Mixed-Use Zone,,C-3-C,MU-9B,{D123E6C5-EEDC-4A92-88B3-A418E052E8F2},740833,0,0
MU-3A,https://handbook.dcoz.dc.gov/zones/mixed-use/MU-3/,"Official Digital Zoning Map of July 1, 2010",Final,MU-3A,Permits low density mixed use development ,Mixed-Use Zone,,C-1,MU-3A,{4BDF6A69-0975-422C-B300-BB2725444AF3},740834,0,0
RA-4,https://handbook.dcoz.dc.gov/zones/residential-apartment/RA-4/,"Misc map corrections in Square 3844 on March 26, 2012",Final,RA-4,Permits medium to high-desnity apartments,Residential Apartment Zone,,R-5-D,RA-4,{2BD6A7E0-5E5D-43D2-BB9F-E5CD20DEF79F},740835,0,0
MU-3A,https://handbook.dcoz.dc.gov/zones/mixed-use/MU-3/,"Official Digital Zoning Map of July 1, 2010",Final,MU-3A,Permits low density mixed use development ,Mixed-Use Zone,,C-1,MU-3A,{85256B32-F8C3-4859-8ED0-EB54F11017AA},740836,0,0
MU-4,https://handbook.dcoz.dc.gov/zones/mixed-use/MU-4/,"Official Digital Zoning Map of July 1, 2010",Final,MU-4,Permits moderate density mixed use development,Mixed-Use Zone,,C-2-A,MU-4,{85487ED1-06E2-4BE4-86F1-98C328826B4C},740837,0,0
MU-3A,https://handbook.dcoz.dc.gov/zones/mixed-use/MU-3/,"Official Digital Zoning Map of July 1, 2010",Final,MU-3A,Permits low density mixed use development ,Mixed-Use Zone,,C-1,MU-3A,{FC55A69C-1A59-453C-A838-8697D37A7124},740838,0,0
PDR-1,https://handbook.dcoz.dc.gov/zones/production-distribution-and-repair/pdr-1/,"Official Digital Zoning Map of July 1, 2010",Final,PDR-1,"Permits moderate density commercial and production, distribution, and repair activities requiring some heavy machinery","Production, Distribution, and Repair Zone",,C-M-1,PDR-1,{8F2D92A3-F028-4882-8D55-3952D93CB12E},740839,0,0
R-1-A,https://handbook.dcoz.dc.gov/zones/residential/R-1-A/,"Fixed Zoning boundary in Square 2087 to run along edge of lots on March 16, 2012",Final,R-1-A,Provides areas predominantly developed with detached houses on large lots.,Residential Zone,,R-1-A,R-1-A,{21D6D8D4-306F-4D5B-8E85-A605E500FEA4},740840,0,0
MU-4,https://handbook.dcoz.dc.gov/zones/mixed-use/MU-4/,"Official Digital Zoning Map of July 1, 2010",Final,MU-4,Permits moderate density mixed use development,Mixed-Use Zone,,C-2-A,MU-4,{81E53614-A5F6-4212-8D02-06EEBE4BA4C9},740841,0,0
MU-4,https://handbook.dcoz.dc.gov/zones/mixed-use/MU-4/,"Official Digital Zoning Map of July 1, 2010",Final,MU-4,Permits moderate density mixed use development,Mixed-Use Zone,,C-2-A,MU-4,{E19E38C8-13DB-4DB6-A7B9-E89BD47B78B3},740842,0,0
PDR-1,https://handbook.dcoz.dc.gov/zones/production-distribution-and-repair/pdr-1/,"Official Digital Zoning Map of July 1, 2010",Final,PDR-1,"Permits moderate density commercial and production, distribution, and repair activities requiring some heavy machinery","Production, Distribution, and Repair Zone",,C-M-1,PDR-1,{4739ACD7-2786-4D8B-97BC-5388FC45F577},740843,0,0
RA-4,https://handbook.dcoz.dc.gov/zones/residential-apartment/RA-4/,"Misc map corrections in Square 5179 on March 29, 2012",Final,RA-4,Permits medium to high-desnity apartments,Residential Apartment Zone,,R-5-D,RA-4,{3A2FD63F-8510-4659-AEBA-76602C5075D6},740844,0,0
MU-3A,https://handbook.dcoz.dc.gov/zones/mixed-use/MU-3/,"Official Digital Zoning Map of July 1, 2010",Final,MU-3A,Permits low density mixed use development ,Mixed-Use Zone,,C-1,MU-3A,{6EC32339-4016-4338-ACC7-20878A1A4EAA},740845,0,0
MU-6B,https://handbook.dcoz.dc.gov/zones/mixed-use/MU-6/,"Official Digital Zoning Map of July 1, 2010; ZC 21-08 renamed zone from MU-6 to MU-6B",Final,MU-6B,Permits medium to high density mixed-use development with a focus on residential use,Mixed-Use Zone,,C-2-C,MU-6B,{66C248D8-330A-4659-90E0-4BF47BF23E0A},740846,0,0
MU-4,https://handbook.dcoz.dc.gov/zones/mixed-use/MU-4/,"Miscellaneous map correction in Square 2884 on March 22, 2012",Final,MU-4,Permits moderate density mixed use development,Mixed-Use Zone,,C-2-A,MU-4,{5723DC44-3983-4C65-8655-9C819577F28F},740847,0,0
RA-4,https://handbook.dcoz.dc.gov/zones/residential-apartment/RA-4/,"Official Digital Zoning Map of July 1, 2010",Final,RA-4,Permits medium to high-desnity apartments,Residential Apartment Zone,,R-5-D,RA-4,{1EE80FEA-15B7-4BFC-A29D-5ADBA18808A2},740848,0,0
R-1-B,https://handbook.dcoz.dc.gov/zones/residential/R-1-B/,"Official Digital Zoning Map of July 1, 2010",Final,R-1-B,Provides areas predominantly developed with detached houses on moderately sized lots.,Residential Zone,,R-1-B,R-1-B,{1B4836B8-27D5-4EF2-AD6D-2E2C1D801964},740849,0,0
PDR-2,https://handbook.dcoz.dc.gov/zones/production-distribution-and-repair/pdr-2/,"Official Digital Zoning Map of July 1, 2010",Final,PDR-2,"Permits medium density commercial and production, distribution, and repair activities requiring some heavy machinery","Production, Distribution, and Repair Zone",,C-M-2,PDR-2,{626B6B0E-C13F-479D-B85F-854948F08A77},740850,0,0
MU-4,https://handbook.dcoz.dc.gov/zones/mixed-use/MU-4/,"Official Digital Zoning Map of July 1, 2010",Final,MU-4,Permits moderate density mixed use development,Mixed-Use Zone,,C-2-A,MU-4,{F2A1608D-32C0-442D-9B9F-621D3FEBEBCC},740851,0,0
RA-5,https://handbook.dcoz.dc.gov/zones/residential-apartment/RA-5/,"Official Digital Zoning Map of July 1, 2010",Final,RA-5,permits high-density apartments,Residential Apartment Zone,,R-5-E,RA-5,{35BAF347-5A41-4D55-BD9B-5D9910475607},740852,0,0
MU-3A,https://handbook.dcoz.dc.gov/zones/mixed-use/MU-3/,"Official Digital Zoning Map of July 1, 2010",Final,MU-3A,Permits low density mixed use development ,Mixed-Use Zone,,C-1,MU-3A,{C15BCECD-7200-4C0A-977B-16B373BFEE2F},740853,0,0
MU-3A,https://handbook.dcoz.dc.gov/zones/mixed-use/MU-3/,"Misc map correction in Square 5870 on April 2, 2012",Final,MU-3A,Permits low density mixed use development ,Mixed-Use Zone,,C-1,MU-3A,{2D182599-C900-4EFE-8389-8C7547EBFDCF},740854,0,0
RA-4,https://handbook.dcoz.dc.gov/zones/residential-apartment/RA-4/,"Fixed mapping error in Square 1809 on March 15, 2012 by adjusting zoning boundary to run along center line of the street",Final,RA-4,Permits medium to high-desnity apartments,Residential Apartment Zone,,R-5-D,RA-4,{7E975998-FFFF-465C-B2E8-F22620BC4F73},740855,0,0
MU-3A,https://handbook.dcoz.dc.gov/zones/mixed-use/MU-3/,"Official Digital Zoning Map of July 1, 2010",Final,MU-3A,Permits low density mixed use development ,Mixed-Use Zone,,C-1,MU-3A,{E9273C61-C174-4F5A-9757-DF18FB32FDAF},740856,0,0
MU-3A,https://handbook.dcoz.dc.gov/zones/mixed-use/MU-3/,"Official Digital Zoning Map of July 1, 2010",Final,MU-3A,Permits low density mixed use development ,Mixed-Use Zone,,C-1,MU-3A,{5B68E15C-6E5B-493D-9FE1-6F31BE08AE62},740857,0,0
RA-4,https://handbook.dcoz.dc.gov/zones/residential-apartment/RA-4/,"Fixed mapping error in Square 2849, 2854 on March 21, 2012",Final,RA-4,Permits medium to high-desnity apartments,Residential Apartment Zone,,R-5-D,RA-4,{E9E19E5D-DD74-49B0-8307-969CED828ACD},740858,0,0
MU-4,https://handbook.dcoz.dc.gov/zones/mixed-use/MU-4/,"Official Digital Zoning Map of July 1, 2010",Final,MU-4,Permits moderate density mixed use development,Mixed-Use Zone,,C-2-A,MU-4,{9CB4FD1C-1D23-41B9-A3F2-402B724089F0},740859,0,0
MU-4,https://handbook.dcoz.dc.gov/zones/mixed-use/MU-4/,"Official Digital Zoning Map of July 1, 2010",Final,MU-4,Permits moderate density mixed use development,Mixed-Use Zone,,C-2-A,MU-4,{B607B771-DB96-4FC9-9D3C-DA6F229B08F5},740860,0,0
MU-3A,https://handbook.dcoz.dc.gov/zones/mixed-use/MU-3/,"Misc map corrections in Square 3876 on March 26, 2012",Final,MU-3A,Permits low density mixed use development ,Mixed-Use Zone,,C-1,MU-3A,{0E95AF1C-9702-4B1F-8852-48C53E74E4E6},740861,0,0
MU-3A,https://handbook.dcoz.dc.gov/zones/mixed-use/MU-3/,"Official Digital Zoning Map of July 1, 2010",Final,MU-3A,Permits low density mixed use development ,Mixed-Use Zone,,C-1,MU-3A,{8C8FD61D-3DAE-4DBF-8896-A6D64ECBE667},740862,0,0
MU-3A,https://handbook.dcoz.dc.gov/zones/mixed-use/MU-3/,"Official Digital Zoning Map of July 1, 2010",Final,MU-3A,Permits low density mixed use development ,Mixed-Use Zone,,C-1,MU-3A,{CBA63040-D26E-4DC4-BD46-19A2E3C5CFD2},740863,0,0
MU-3A,https://handbook.dcoz.dc.gov/zones/mixed-use/MU-3/,"Official Digital Zoning Map of July 1, 2010",Final,MU-3A,Permits low density mixed use development ,Mixed-Use Zone,,C-1,MU-3A,{DC13B37C-8D69-4C8A-8CAE-B15CBD50A67F},740864,0,0
MU-3A,https://handbook.dcoz.dc.gov/zones/mixed-use/MU-3/,"Zoning boundary fixed to match official zoning records on March 27, 2012",Final,MU-3A,Permits low density mixed use development ,Mixed-Use Zone,,C-1,MU-3A,{7555EFBF-88A1-46E8-995E-BB6657C23118},740865,0,0
MU-13,https://handbook.dcoz.dc.gov/zones/mixed-use/MU-13/,"Official Digital Zoning Map of July 1, 2010",Final,MU-13,Permits medium density mixed-use development in the vicinity of the waterfront,Mixed-Use Zone,,W-2,MU-13,{194EE794-D551-482E-9DDE-A50394BC9903},740866,0,0
RA-5,https://handbook.dcoz.dc.gov/zones/residential-apartment/RA-5/,"Official Digital Zoning Map of July 1, 2010",Final,RA-5,permits high-density apartments,Residential Apartment Zone,,R-5-E,RA-5,{DBF2ADAB-E813-4F29-AAE3-71459D4127A4},740867,0,0
MU-6B,https://handbook.dcoz.dc.gov/zones/mixed-use/MU-6/,"Misc map corrections in Square 3844 on March 26, 2012, expanded over Reed Street by 10-30; ZC 21-08 renamed zone from MU-6 to MU-6B",Final,MU-6B,Permits medium to high density mixed-use development with a focus on residential use,Mixed-Use Zone,,C-2-C,MU-6B,{741662D2-2E90-4F62-AB98-3A2A22B9B663},740868,0,0
PDR-1,https://handbook.dcoz.dc.gov/zones/production-distribution-and-repair/pdr-1/,"Official Digital Zoning Map of July 1, 2010",Final,PDR-1,"Permits moderate density commercial and production, distribution, and repair activities requiring some heavy machinery","Production, Distribution, and Repair Zone",,C-M-1,PDR-1,{8B272890-0E32-4BB8-B69B-9419FAA3519E},740869,0,0
RA-4,https://handbook.dcoz.dc.gov/zones/residential-apartment/RA-4/,"Official Digital Zoning Map of July 1, 2010",Final,RA-4,Permits medium to high-desnity apartments,Residential Apartment Zone,,R-5-D,RA-4,{45105C44-1CCB-415F-B18A-1C207F3DF7E4},740870,0,0
MU-13,https://handbook.dcoz.dc.gov/zones/mixed-use/MU-13/,"Zoning Correction made on March 12, 2012 in Square 1183, 1184, 1185 to match DCGIS Baist Map",Final,MU-13,Permits medium density mixed-use development in the vicinity of the waterfront,Mixed-Use Zone,,W-2,MU-13,{07399246-6574-40CE-9E7F-49E88462CCF4},740871,0,0
MU-3A,https://handbook.dcoz.dc.gov/zones/mixed-use/MU-3/,"Official Digital Zoning Map of July 1, 2010",Final,MU-3A,Permits low density mixed use development ,Mixed-Use Zone,,C-1,MU-3A,{6AEE1E06-CCBA-4BE4-8A12-F75E63823B39},740872,0,0
RA-5,https://handbook.dcoz.dc.gov/zones/residential-apartment/RA-5/,"Official Digital Zoning Map of July 1, 2010",Final,RA-5,permits high-density apartments,Residential Apartment Zone,,R-5-E,RA-5,{AE2BF09D-F029-4B74-A0F9-7C8ED8314F14},740873,0,0
MU-4,https://handbook.dcoz.dc.gov/zones/mixed-use/MU-4/,"Official Digital Zoning Map of July 1, 2010",Final,MU-4,Permits moderate density mixed use development,Mixed-Use Zone,,C-2-A,MU-4,{625C7CAC-AC6E-4C10-89CE-E1DC81403A79},740874,0,0
MU-3A,https://handbook.dcoz.dc.gov/zones/mixed-use/MU-3/,"Official Digital Zoning Map of July 1, 2010",Final,MU-3A,Permits low density mixed use development ,Mixed-Use Zone,,C-1,MU-3A,{1B865909-AD5F-4C57-B40F-BFF16EC11599},740875,0,0
MU-4,https://handbook.dcoz.dc.gov/zones/mixed-use/MU-4/,"Official Digital Zoning Map of July 1, 2010",Final,MU-4,Permits moderate density mixed use development,Mixed-Use Zone,,C-2-A,MU-4,{68FF7FC9-9574-4498-BFBE-D97F958F6477},740876,0,0
RA-5,https://handbook.dcoz.dc.gov/zones/residential-apartment/RA-5/,"Official Digital Zoning Map of July 1, 2010",Final,RA-5,permits high-density apartments,Residential Apartment Zone,,R-5-E,RA-5,{4C3164C5-E8F9-4AE1-ADC5-D03BE161FAED},740877,0,0
MU-3A,https://handbook.dcoz.dc.gov/zones/mixed-use/MU-3/,"Official Digital Zoning Map of July 1, 2010",Final,MU-3A,Permits low density mixed use development ,Mixed-Use Zone,,C-1,MU-3A,{031C5593-1009-466E-9589-C044CB54FE5B},740878,0,0
PDR-1,https://handbook.dcoz.dc.gov/zones/production-distribution-and-repair/pdr-1/,"Official Digital Zoning Map of July 1, 2010",Final,PDR-1,"Permits moderate density commercial and production, distribution, and repair activities requiring some heavy machinery","Production, Distribution, and Repair Zone",,C-M-1,PDR-1,{7CF45D59-59BE-4BE2-A67C-E9129D9AC1A8},740879,0,0
MU-3A,https://handbook.dcoz.dc.gov/zones/mixed-use/MU-3/,"Official Digital Zoning Map of July 1, 2010",Final,MU-3A,Permits low density mixed use development ,Mixed-Use Zone,,C-1,MU-3A,{1C9B57E7-7B69-42AF-8ED3-BBD45478ADD3},740880,0,0
MU-4,https://handbook.dcoz.dc.gov/zones/mixed-use/MU-4/,"Zoning correction made on March 12, 2012 in Square 1060 to match DCGIS Baist map, Fixed Mapping error in Square 1074 on March 12, 2012",Final,MU-4,Permits moderate density mixed use development,Mixed-Use Zone,,C-2-A,MU-4,{83170EC7-30FC-452A-B8D8-3AD807B395E1},740881,0,0
MU-4,https://handbook.dcoz.dc.gov/zones/mixed-use/MU-4/,"Official Digital Zoning Map of July 1, 2010",Final,MU-4,Permits moderate density mixed use development,Mixed-Use Zone,,C-2-A,MU-4,{63E41590-2753-4734-AF9D-DE22D9960F0E},740882,0,0
MU-4,https://handbook.dcoz.dc.gov/zones/mixed-use/MU-4/,"Official Digital Zoning Map of July 1, 2010",Final,MU-4,Permits moderate density mixed use development,Mixed-Use Zone,,C-2-A,MU-4,{55F4A862-A4D8-49F0-B628-EB40B6352240},740883,0,0
MU-4,https://handbook.dcoz.dc.gov/zones/mixed-use/MU-4/,"Official Digital Zoning Map of July 1, 2010",Final,MU-4,Permits moderate density mixed use development,Mixed-Use Zone,,C-2-A,MU-4,{E7223E16-D918-462F-8853-612DCDA81663},740884,0,0
MU-5A,https://handbook.dcoz.dc.gov/zones/mixed-use/MU-5A/,"Official Digital Zoning Map of July 1, 2010",Final,MU-5A,"Permits medium density, compact mixed-use development with an emphasis on residential use",Mixed-Use Zone,,C-2-B,MU-5A,{9BE359B2-6285-4D88-88A3-A10E9BA66A42},740885,0,0
PDR-2,https://handbook.dcoz.dc.gov/zones/production-distribution-and-repair/pdr-2/,Cut off from C-M-2 segment to southwest by ZC 13-02 on 7/16/13,Final,PDR-2,"Permits medium density commercial and production, distribution, and repair activities requiring some heavy machinery","Production, Distribution, and Repair Zone",,C-M-2,PDR-2,{E207A785-8983-433D-BFF8-3267146BE8F8},740886,0,0
MU-4,https://handbook.dcoz.dc.gov/zones/mixed-use/MU-4/,"Official Digital Zoning Map of July 1, 2010",Final,MU-4,Permits moderate density mixed use development,Mixed-Use Zone,,C-2-A,MU-4,{A43A56A6-04D5-4819-8DEE-DCDDC63A5A31},740887,0,0
MU-5A,https://handbook.dcoz.dc.gov/zones/mixed-use/MU-5A/,"Official Digital Zoning Map of July 1, 2010",Final,MU-5A,"Permits medium density, compact mixed-use development with an emphasis on residential use",Mixed-Use Zone,,C-2-B,MU-5A,{9897C954-8EA6-498B-B749-0DD2DA16AF02},740888,0,0
RA-4,https://handbook.dcoz.dc.gov/zones/residential-apartment/RA-4/,"Official Digital Zoning Map of July 1, 2010",Final,RA-4,Permits medium to high-desnity apartments,Residential Apartment Zone,,R-5-D,RA-4,{C1755EA6-A5D9-4750-8A74-8CC96BC5851D},740889,0,0
MU-3A,https://handbook.dcoz.dc.gov/zones/mixed-use/MU-3/,"Official Digital Zoning Map of July 1, 2010",Final,MU-3A,Permits low density mixed use development ,Mixed-Use Zone,,C-1,MU-3A,{4CF73027-346E-449A-A2D9-0EF8669DCAAB},740890,0,0
PDR-1,https://handbook.dcoz.dc.gov/zones/production-distribution-and-repair/pdr-1/,"Official Digital Zoning Map of July 1, 2010",Final,PDR-1,"Permits moderate density commercial and production, distribution, and repair activities requiring some heavy machinery","Production, Distribution, and Repair Zone",,C-M-1,PDR-1,{3B1D956A-9DD7-4189-AD37-1D14225D55AF},740891,0,0
MU-4,https://handbook.dcoz.dc.gov/zones/mixed-use/MU-4/,"Official Digital Zoning Map of July 1, 2010.  Map correction Zoning Commission Order No. 753, Case No. 93-10Z, 2/14/94.",Final,MU-4,Permits moderate density mixed use development,Mixed-Use Zone,,C-2-A,MU-4,{70DF8A2D-2CD1-40DE-BF58-D5038796E345},740892,0,0
MU-4,https://handbook.dcoz.dc.gov/zones/mixed-use/MU-4/,"Official Digital Zoning Map of July 1, 2010",Final,MU-4,Permits moderate density mixed use development,Mixed-Use Zone,,C-2-A,MU-4,{37F8B01C-FECF-410C-A23E-58D593D55652},740893,0,0
RA-4,https://handbook.dcoz.dc.gov/zones/residential-apartment/RA-4/,"Official Digital Zoning Map of July 1, 2010",Final,RA-4,Permits medium to high-desnity apartments,Residential Apartment Zone,,R-5-D,RA-4,{E705C110-D496-4C9A-9966-092973FCDB89},740894,0,0
MU-4,https://handbook.dcoz.dc.gov/zones/mixed-use/MU-4/,"Official Digital Zoning Map of July 1, 2010",Final,MU-4,Permits moderate density mixed use development,Mixed-Use Zone,,C-2-A,MU-4,{BAA3B989-0E13-4B0B-BC58-CEC3CEB9AE4C},740895,0,0
MU-5A,https://handbook.dcoz.dc.gov/zones/mixed-use/MU-5A/,"Official Digital Zoning Map of July 1, 2010",Final,MU-5A,"Permits medium density, compact mixed-use development with an emphasis on residential use",Mixed-Use Zone,,C-2-B,MU-5A,{66E285E0-FB92-4324-A68F-265287EE19B9},740896,0,0
MU-6B,https://handbook.dcoz.dc.gov/zones/mixed-use/MU-6/,"Official Digital Zoning Map of July 1, 2010; ZC 21-08 renamed zone from MU-6 to MU-6B",Final,MU-6B,Permits medium to high density mixed-use development with a focus on residential use,Mixed-Use Zone,,C-2-C,MU-6B,{DB3E0C26-9FB2-486A-9BA7-B7C0A3F549A3},740897,0,0
PDR-1,https://handbook.dcoz.dc.gov/zones/production-distribution-and-repair/pdr-1/,"Zoning boundary corrections in Square 4335, 4337 on March 27, 2012 to match official zoning records",Final,PDR-1,"Permits moderate density commercial and production, distribution, and repair activities requiring some heavy machinery","Production, Distribution, and Repair Zone",,C-M-1,PDR-1,{C8D19699-DD1B-463E-85BD-617158CDE18E},740898,0,0
MU-5A,https://handbook.dcoz.dc.gov/zones/mixed-use/MU-5A/,"Official Digital Zoning Map of July 1, 2010",Final,MU-5A,"Permits medium density, compact mixed-use development with an emphasis on residential use",Mixed-Use Zone,,C-2-B,MU-5A,{12CF2F94-3F6C-4579-BC55-5399B9D7B834},740899,0,0
RA-3,https://handbook.dcoz.dc.gov/zones/residential-apartment/RA-3/,"Official Digital Zoning Map of July 1, 2010",Final,RA-3,Permits moderate to medium density apartments,Residential Apartment Zone,,R-5-C,RA-3,{CFFF344F-EF1D-43F2-AA23-8731064E1EC4},740900,0,0
MU-7B,https://handbook.dcoz.dc.gov/zones/mixed-use/MU-7/,"Official Digital Zoning Map of July 1, 2010; ZC 21-08 renamed zone from MU-7 to MU-7B",Final,MU-7B,Permits medium density mixed-use development,Mixed-Use Zone,,C-3-A,MU-7B,{D11FD65F-A4E4-4A33-AA44-216D9E5F7650},740901,0,0
RA-4,https://handbook.dcoz.dc.gov/zones/residential-apartment/RA-4/,"Official Digital Zoning Map of July 1, 2010",Final,RA-4,Permits medium to high-desnity apartments,Residential Apartment Zone,,R-5-D,RA-4,{3A03E89B-735A-417C-9202-1EE94CA63CB2},740902,0,0
MU-3A,https://handbook.dcoz.dc.gov/zones/mixed-use/MU-3/,"Official Digital Zoning Map of July 1, 2010",Final,MU-3A,Permits low density mixed use development ,Mixed-Use Zone,,C-1,MU-3A,{61820179-A7E0-41FA-A38F-7806E24FA8A1},740903,0,0
UNZONED,https://handbook.dcoz.dc.gov/,"Misc map corrections in Square 5388 on March 30, 2012",Final,UNZONED,,Unzoned,,UNZONED,UNZONED,{731E979F-6CA2-499B-B2C8-944D720D928C},740904,0,0
PDR-1,https://handbook.dcoz.dc.gov/zones/production-distribution-and-repair/pdr-1/,"Official Digital Zoning Map of July 1, 2010",Final,PDR-1,"Permits moderate density commercial and production, distribution, and repair activities requiring some heavy machinery","Production, Distribution, and Repair Zone",,C-M-1,PDR-1,{CACEB96C-3D9A-488E-AABF-D91BA51E067D},740905,0,0
RA-4,https://handbook.dcoz.dc.gov/zones/residential-apartment/RA-4/,"Official Digital Zoning Map of July 1, 2010",Final,RA-4,Permits medium to high-desnity apartments,Residential Apartment Zone,,R-5-D,RA-4,{36D269AB-B6DD-4C0F-81E6-5A91C2FBB238},740906,0,0
MU-7B,https://handbook.dcoz.dc.gov/zones/mixed-use/MU-7/,"Official Digital Zoning Map of July 1, 2010; ZC 21-08 renamed zone from MU-7 to MU-7B",Final,MU-7B,Permits medium density mixed-use development,Mixed-Use Zone,,C-3-A,MU-7B,{63F9ACC2-4554-4361-B113-A58002595F77},740907,0,0
MU-3A,https://handbook.dcoz.dc.gov/zones/mixed-use/MU-3/,"Official Digital Zoning Map of July 1, 2010",Final,MU-3A,Permits low density mixed use development ,Mixed-Use Zone,,C-1,MU-3A,{C3DD3603-E379-46B1-A26C-EFF459300902},740908,0,0
MU-7B,https://handbook.dcoz.dc.gov/zones/mixed-use/MU-7/,"Official Digital Zoning Map of July 1, 2010; ZC 21-08 renamed zone from MU-7 to MU-7B",Final,MU-7B,Permits medium density mixed-use development,Mixed-Use Zone,,C-3-A,MU-7B,{A313CE24-A52A-4E5A-A405-C9F2BD9B13E5},740909,0,0
R-1-B,https://handbook.dcoz.dc.gov/zones/residential/R-1-B/,"Fixed Mapping error in Square 1798 on March 15, 2012 to match official zoning map",Final,R-1-B,Provides areas predominantly developed with detached houses on moderately sized lots.,Residential Zone,,R-1-B,R-1-B,{5F5038EF-1995-40F2-BDDB-0EB2D0509F0E},740910,0,0
RA-4,https://handbook.dcoz.dc.gov/zones/residential-apartment/RA-4/,"Official Digital Zoning Map of July 1, 2010",Final,RA-4,Permits medium to high-desnity apartments,Residential Apartment Zone,,R-5-D,RA-4,{9B888524-306A-481C-ACB2-0005A7B00109},740911,0,0
MU-4,https://handbook.dcoz.dc.gov/zones/mixed-use/MU-4/,"Official Digital Zoning Map of July 1, 2010",Final,MU-4,Permits moderate density mixed use development,Mixed-Use Zone,,C-2-A,MU-4,{031620BA-1225-488D-994D-26D3DA5FAF5D},740912,0,0
UNZONED,https://handbook.dcoz.dc.gov/,"Misc map corrections in Square 1318, 1319 on Apr 20, 2012",Final,UNZONED,,Unzoned,,UNZONED,UNZONED,{3FE5BE3C-6A45-4391-A881-1AB5CEB156B8},740913,0,0
MU-4,https://handbook.dcoz.dc.gov/zones/mixed-use/MU-4/,"ZC 21-19, MA RA-1 to MU-4, DC Register 6/10/2022",Final,MU-4,Permits moderate density mixed use development,Mixed-Use Zone,,C-2-A,MU-4,{793E3EAF-B28D-4C52-A3A9-1990AB8A16D2},740914,0,0
PDR-1,https://handbook.dcoz.dc.gov/zones/production-distribution-and-repair/pdr-1/,"Zoning Correction made on March 12, 2012 in Square 1048 to match DCGIS Baist Map, Fixed zoning map error near Square 1067 and 1080S on March 12, 2012",Final,PDR-1,"Permits moderate density commercial and production, distribution, and repair activities requiring some heavy machinery","Production, Distribution, and Repair Zone",,C-M-1,PDR-1,{4D8F5088-0A0A-4DB0-8783-48E7FA3FC5BC},740915,0,0
PDR-1,https://handbook.dcoz.dc.gov/zones/production-distribution-and-repair/pdr-1/,"Fixed Zoning boundary in Square 5557 on March 30, 2012 to match official zoning records",Final,PDR-1,"Permits moderate density commercial and production, distribution, and repair activities requiring some heavy machinery","Production, Distribution, and Repair Zone",,C-M-1,PDR-1,{E3A7D00A-32F2-4DA8-9256-6539BB215E1F},740916,0,0
MU-5A,https://handbook.dcoz.dc.gov/zones/mixed-use/MU-5A/,"Official Digital Zoning Map of July 1, 2010",Final,MU-5A,"Permits medium density, compact mixed-use development with an emphasis on residential use",Mixed-Use Zone,,C-2-B,MU-5A,{9D65CDDD-B968-4657-8F6E-78D219DCB223},740917,0,0
MU-3A,https://handbook.dcoz.dc.gov/zones/mixed-use/MU-3/,"Official Digital Zoning Map of July 1, 2010",Final,MU-3A,Permits low density mixed use development ,Mixed-Use Zone,,C-1,MU-3A,{9D601762-A252-44CE-B7BE-ADE417504DBC},740918,0,0
MU-3A,https://handbook.dcoz.dc.gov/zones/mixed-use/MU-3/,"Official Digital Zoning Map of July 1, 2010",Final,MU-3A,Permits low density mixed use development ,Mixed-Use Zone,,C-1,MU-3A,{1F87C4E1-4E1D-45E7-BE56-C012D47F9855},740919,0,0
MU-5A,https://handbook.dcoz.dc.gov/zones/mixed-use/MU-5A/,"Official Digital Zoning Map of July 1, 2010",Final,MU-5A,"Permits medium density, compact mixed-use development with an emphasis on residential use",Mixed-Use Zone,,C-2-B,MU-5A,{EC558232-DEF5-4C40-91A9-D97E07C803B6},740920,0,0
MU-3A,https://handbook.dcoz.dc.gov/zones/mixed-use/MU-3/,"Official Digital Zoning Map of July 1, 2010",Final,MU-3A,Permits low density mixed use development ,Mixed-Use Zone,,C-1,MU-3A,{33994CFB-BD00-4A86-8C8A-91F3D861DBC9},740921,0,0
MU-7B,https://handbook.dcoz.dc.gov/zones/mixed-use/MU-7/,"Official Digital Zoning Map of July 1, 2010; ZC 21-08 renamed zone from MU-7 to MU-7B",Final,MU-7B,Permits medium density mixed-use development,Mixed-Use Zone,,C-3-A,MU-7B,{3F0DFFB3-6496-46B1-B9E4-FC980185F29A},740922,0,0
MU-1,https://handbook.dcoz.dc.gov/zones/mixed-use/MU-1/,"Official Digital Zoning Map of July 1, 2010",Final,MU-1,Permits moderate density residential and non-residential buildings,Mixed-Use Zone,,SP-1,MU-1,{DD21E85E-94D5-4510-993C-5F4C1A7427C7},740923,0,0
UNZONED,https://handbook.dcoz.dc.gov/,"Official Digital Zoning Map of July 1, 2010",Final,UNZONED,,Unzoned,,UNZONED,UNZONED,{E6E0BA8F-21D5-47C6-8160-5B6C6FAB228C},740924,0,0
MU-3A,https://handbook.dcoz.dc.gov/zones/mixed-use/MU-3/,"Official Digital Zoning Map of July 1, 2010",Final,MU-3A,Permits low density mixed use development ,Mixed-Use Zone,,C-1,MU-3A,{F9B4CEAA-C401-4D02-9BA0-AC38461E7595},740925,0,0
RA-4,https://handbook.dcoz.dc.gov/zones/residential-apartment/RA-4/,"Official Digital Zoning Map of July 1, 2010",Final,RA-4,Permits medium to high-desnity apartments,Residential Apartment Zone,,R-5-D,RA-4,{CD03715E-2EAF-47B1-B3D0-AF5F3174D121},740926,0,0
MU-3A,https://handbook.dcoz.dc.gov/zones/mixed-use/MU-3/,"Official Digital Zoning Map of July 1, 2010",Final,MU-3A,Permits low density mixed use development ,Mixed-Use Zone,,C-1,MU-3A,{F790A70B-E170-48D3-BEE4-6710D680342B},740927,0,0
MU-3A,https://handbook.dcoz.dc.gov/zones/mixed-use/MU-3/,"Moved Sq. 5920, Lot 93 to R-4 (ZC 10-05) on 6/19/13, error fix;",Final,MU-3A,Permits low density mixed use development ,Mixed-Use Zone,,C-1,MU-3A,{98D5CF67-6948-40E4-ACE3-75927BD139E3},740928,0,0
MU-4,https://handbook.dcoz.dc.gov/zones/mixed-use/MU-4/,"Official Digital Zoning Map of July 1, 2010",Final,MU-4,Permits moderate density mixed use development,Mixed-Use Zone,,C-2-A,MU-4,{6859DBF8-D62A-4158-A78F-6622F2E7A26C},740929,0,0
R-1-A,https://handbook.dcoz.dc.gov/zones/residential/R-1-A/,"Official Digital Zoning Map of July 1, 2010",Final,R-1-A,Provides areas predominantly developed with detached houses on large lots.,Residential Zone,,R-1-A,R-1-A,{5BE5E98C-F57D-4116-92BE-809C7479FC93},740930,0,0
RA-4,https://handbook.dcoz.dc.gov/zones/residential-apartment/RA-4/,"Official Digital Zoning Map of July 1, 2010",Final,RA-4,Permits medium to high-desnity apartments,Residential Apartment Zone,,R-5-D,RA-4,{71322FC8-4839-4B95-ABA7-D68949E259F0},740931,0,0
MU-4,https://handbook.dcoz.dc.gov/zones/mixed-use/MU-4/,"Official Digital Zoning Map of July 1, 2010",Final,MU-4,Permits moderate density mixed use development,Mixed-Use Zone,,C-2-A,MU-4,{F3A74671-D061-464D-B491-2BE055FE5436},740932,0,0
RA-5,https://handbook.dcoz.dc.gov/zones/residential-apartment/RA-5/,"Changed Zoning Boundary on Feb 29, 2012 to run along the center line of the alley in Square 0099 between lots ",Final,RA-5,permits high-density apartments,Residential Apartment Zone,,R-5-E,RA-5,{9ACF0DCE-36C9-4A5F-928B-A2219F52084D},740933,0,0
MU-3A,https://handbook.dcoz.dc.gov/zones/mixed-use/MU-3/,"Official Digital Zoning Map of July 1, 2010",Final,MU-3A,Permits low density mixed use development ,Mixed-Use Zone,,C-1,MU-3A,{B20A3B14-A264-46CF-AEDA-8D8B0776D598},740934,0,0
MU-4,https://handbook.dcoz.dc.gov/zones/mixed-use/MU-4/,"Official Digital Zoning Map of July 1, 2010",Final,MU-4,Permits moderate density mixed use development,Mixed-Use Zone,,C-2-A,MU-4,{654EBC92-159B-4311-8476-48BAB28FD496},740935,0,0
MU-3A,https://handbook.dcoz.dc.gov/zones/mixed-use/MU-3/,"Official Digital Zoning Map of July 1, 2010",Final,MU-3A,Permits low density mixed use development ,Mixed-Use Zone,,C-1,MU-3A,{165C4821-18D4-4101-9F4E-9977742EB1EC},740936,0,0
MU-2,https://handbook.dcoz.dc.gov/zones/mixed-use/MU-2/,"Official Digital Zoning Map of July 1, 2010",Final,MU-2,Permits medium density residential and non-residential buildings,Mixed-Use Zone,,SP-2,MU-2,{AF2559C5-919D-4A30-9937-8E44A4C5ADA1},740937,0,0
RA-4,https://handbook.dcoz.dc.gov/zones/residential-apartment/RA-4/,"Official Digital Zoning Map of July 1, 2010",Final,RA-4,Permits medium to high-desnity apartments,Residential Apartment Zone,,R-5-D,RA-4,{42C9687A-EF59-4821-8D71-E38ECC16CE11},740938,0,0
MU-4,https://handbook.dcoz.dc.gov/zones/mixed-use/MU-4/,"Official Digital Zoning Map of July 1, 2010",Final,MU-4,Permits moderate density mixed use development,Mixed-Use Zone,,C-2-A,MU-4,{5B764B85-BE7E-4B8B-A0ED-AB43609C81CB},740939,0,0
MU-4,https://handbook.dcoz.dc.gov/zones/mixed-use/MU-4/,"Misc map corrections in Square 0620 on April 12, 2012",Final,MU-4,Permits moderate density mixed use development,Mixed-Use Zone,,C-2-A,MU-4,{2BD2446C-B18C-4DD1-9EAB-D4D1EC40368D},740940,0,0
RA-4,https://handbook.dcoz.dc.gov/zones/residential-apartment/RA-4/,"Official Digital Zoning Map of July 1, 2010",Final,RA-4,Permits medium to high-desnity apartments,Residential Apartment Zone,,R-5-D,RA-4,{1C019CFC-BA41-4894-AAC3-0521FF402447},740941,0,0
MU-4,https://handbook.dcoz.dc.gov/zones/mixed-use/MU-4/,"Official Digital Zoning Map of July 1, 2010",Final,MU-4,Permits moderate density mixed use development,Mixed-Use Zone,,C-2-A,MU-4,{88E06A9D-F4C5-49F4-9C9E-A998B7AC82FE},740942,0,0
PDR-2,https://handbook.dcoz.dc.gov/zones/production-distribution-and-repair/pdr-2/,"Misc map correction in Square 3581 on March 23, 2012",Final,PDR-2,"Permits medium density commercial and production, distribution, and repair activities requiring some heavy machinery","Production, Distribution, and Repair Zone",,C-M-2,PDR-2,{96FF6AB8-FA36-47F3-9809-5B99B9CB0174},740943,0,0
MU-4,https://handbook.dcoz.dc.gov/zones/mixed-use/MU-4/,"Official Digital Zoning Map of July 1, 2010",Final,MU-4,Permits moderate density mixed use development,Mixed-Use Zone,,C-2-A,MU-4,{0FE51103-6D7F-4476-9961-6833A75B8853},740944,0,0
MU-4,https://handbook.dcoz.dc.gov/zones/mixed-use/MU-4/,"Official Digital Zoning Map of July 1, 2010",Final,MU-4,Permits moderate density mixed use development,Mixed-Use Zone,,C-2-A,MU-4,{01565BB8-4032-4E43-B70D-8DB0A2619210},740945,0,0
MU-5A,https://handbook.dcoz.dc.gov/zones/mixed-use/MU-5A/,"Fixed zoning boundary in Square 2581 on March 19, 2012 to match official zoning records",Final,MU-5A,"Permits medium density, compact mixed-use development with an emphasis on residential use",Mixed-Use Zone,,C-2-B,MU-5A,{A32BD742-85EE-4756-AF43-E882E9292B66},740946,0,0
MU-4,https://handbook.dcoz.dc.gov/zones/mixed-use/MU-4/,"Official Digital Zoning Map of July 1, 2010",Final,MU-4,Permits moderate density mixed use development,Mixed-Use Zone,,C-2-A,MU-4,{BB7AAF1D-17F9-4D44-92DB-6BCDE2DEFD64},740947,0,0
RA-4,https://handbook.dcoz.dc.gov/zones/residential-apartment/RA-4/,"Fixed zoning boundary to match official zoning records on March 19, 2012; ZC 03-24",Final,RA-4,Permits medium to high-desnity apartments,Residential Apartment Zone,,R-5-D,RA-4,{9F69C5D5-0D5A-4249-8D59-3EE0FE52ABA8},740948,0,0
MU-4,https://handbook.dcoz.dc.gov/zones/mixed-use/MU-4/,"Fixed zoning boundary in Square 3024 to match official zoning records on March 22, 2012",Final,MU-4,Permits moderate density mixed use development,Mixed-Use Zone,,C-2-A,MU-4,{AAAAADF0-C516-4B0E-97A5-D506EE4EBCB2},740949,0,0
RA-4,https://handbook.dcoz.dc.gov/zones/residential-apartment/RA-4/,"Official Digital Zoning Map of July 1, 2010",Final,RA-4,Permits medium to high-desnity apartments,Residential Apartment Zone,,R-5-D,RA-4,{2BE610F7-0AAB-4FC7-9742-5285B4670CDC},740950,0,0
MU-5A,https://handbook.dcoz.dc.gov/zones/mixed-use/MU-5A/,"Official Digital Zoning Map of July 1, 2010",Final,MU-5A,"Permits medium density, compact mixed-use development with an emphasis on residential use",Mixed-Use Zone,,C-2-B,MU-5A,{59467A09-2C7F-430E-B2CE-81BB848071D1},740951,0,0
MU-9B,https://handbook.dcoz.dc.gov/zones/mixed-use/MU-9/,"Fixed partial lot zone based on ZC Order 909-A December 12, 2019; ZC 21-08 renamed zone from MU-9 to MU-9B",Final,MU-9B,"Permits high density mixed-use development including office, retail, and housing with a focus on employment",Mixed-Use Zone,,C-3-C,MU-9B,{615D2365-444A-4419-9F12-E888A9A7087E},740952,0,0
R-1-B,https://handbook.dcoz.dc.gov/zones/residential/R-1-B/,"Official Digital Zoning Map of July 1, 2010",Final,R-1-B,Provides areas predominantly developed with detached houses on moderately sized lots.,Residential Zone,,R-1-B,R-1-B,{22F33D71-3898-4109-B433-547B41BD4D5C},740953,0,0
MU-3A,https://handbook.dcoz.dc.gov/zones/mixed-use/MU-3/,"Misc map corrections in Square 1356 on April 17, 2012",Final,MU-3A,Permits low density mixed use development ,Mixed-Use Zone,,C-1,MU-3A,{63E310F0-3ED6-45A4-B8CE-76F77B24385D},740954,0,0
MU-4,https://handbook.dcoz.dc.gov/zones/mixed-use/MU-4/,"Official Digital Zoning Map of July 1, 2010",Final,MU-4,Permits moderate density mixed use development,Mixed-Use Zone,,C-2-A,MU-4,{5821C5DD-9694-4480-9261-DF43A1D03375},740955,0,0
MU-4,https://handbook.dcoz.dc.gov/zones/mixed-use/MU-4/,ZC 89-14,Final,MU-4,Permits moderate density mixed use development,Mixed-Use Zone,,C-2-A,MU-4,{6E21319D-0B33-45F6-8E3E-D18C7D918D9B},740956,0,0
MU-4,https://handbook.dcoz.dc.gov/zones/mixed-use/MU-4/,"Official Digital Zoning Map of July 1, 2010",Final,MU-4,Permits moderate density mixed use development,Mixed-Use Zone,,C-2-A,MU-4,{769CA4C9-84FA-498D-AE46-9C035DCCFA9F},740957,0,0
MU-3A,https://handbook.dcoz.dc.gov/zones/mixed-use/MU-3/,"Official Digital Zoning Map of July 1, 2010",Final,MU-3A,Permits low density mixed use development ,Mixed-Use Zone,,C-1,MU-3A,{4D7E7E24-1CD7-411D-A93D-3BAA26576A0B},740958,0,0
R-1-B,https://handbook.dcoz.dc.gov/zones/residential/R-1-B/,"Official Digital Zoning Map of July 1, 2010; Portion of Square 4376 removed in Case 11-19",Final,R-1-B,Provides areas predominantly developed with detached houses on moderately sized lots.,Residential Zone,,R-1-B,R-1-B,{6A171DDD-25DE-41D5-88AC-BEF363AAB527},740959,0,0
MU-3A,https://handbook.dcoz.dc.gov/zones/mixed-use/MU-3/,"Official Digital Zoning Map of July 1, 2010",Final,MU-3A,Permits low density mixed use development ,Mixed-Use Zone,,C-1,MU-3A,{7CBD8841-B7F9-4B5B-835A-96210BA82AFF},740960,0,0
MU-4,https://handbook.dcoz.dc.gov/zones/mixed-use/MU-4/,"Fixed mapping error in Square 1825 on Apr 23, 2012",Final,MU-4,Permits moderate density mixed use development,Mixed-Use Zone,,C-2-A,MU-4,{F30CF84F-338B-431A-9A74-882ACA722BB0},740961,0,0
MU-4,https://handbook.dcoz.dc.gov/zones/mixed-use/MU-4/,"Official Digital Zoning Map of July 1, 2010",Final,MU-4,Permits moderate density mixed use development,Mixed-Use Zone,,C-2-A,MU-4,{45DD06F7-3A72-4594-8305-74B51489EA5C},740962,0,0
D-6,https://handbook.dcoz.dc.gov/zones/downtown/d-6/,"Official Digital Zoning Map of July 1, 2010",Final,D-6,Permits high-density commercial and residential development,Downtown Zone,,C-4,D-6,{D53C3CC6-1AF4-4B3D-953F-8C548880C5C4},740963,0,0
RA-4,https://handbook.dcoz.dc.gov/zones/residential-apartment/RA-4/,"Misc map corrections in Square 2234 on Apr 27, 2012; fixed error of including Sq. 2243 in FH-TSP Overlay 8/27/12.",Final,RA-4,Permits medium to high-desnity apartments,Residential Apartment Zone,,R-5-D,RA-4,{7F410FCC-87F5-4E0A-A2B6-C5550B5430DF},740964,0,0
MU-7B,https://handbook.dcoz.dc.gov/zones/mixed-use/MU-7/,"Fixed zoning boundary in Square 2988 to match official zoning records on March 22, 2012; ZC 21-08 renamed zone from MU-7 to MU-7B",Final,MU-7B,Permits medium density mixed-use development,Mixed-Use Zone,,C-3-A,MU-7B,{8C9B2C0A-3BE8-4689-B112-200ECCC040FB},740965,0,0
MU-4,https://handbook.dcoz.dc.gov/zones/mixed-use/MU-4/,"Official Digital Zoning Map of July 1, 2010",Final,MU-4,Permits moderate density mixed use development,Mixed-Use Zone,,C-2-A,MU-4,{0174A6A2-8021-4CCF-8104-C6EB6BAF0069},740966,0,0
HE-1,https://handbook.dcoz.dc.gov/zones/special-purpose-zones/hill-east/he-1/,"Official Digital Zoning Map of July 1, 2010",Final,HE-1,Supports the Development of Federal Reservation 13,Special Purpose Zone,,HE-1,HE-1,{97CE838A-0B73-490B-86AE-E8599005EB98},740967,0,0
HE-4,https://handbook.dcoz.dc.gov/zones/special-purpose-zones/hill-east/he-4/,"Fixed Mapping error on March 12, 2012 in Square 1112E",Final,HE-4,Supports the Development of Federal Reservation 13,Special Purpose Zone,,HE-4,HE-4,{9CD66C18-F6BD-409E-B792-F08A96A0EECE},740968,0,0
HE-2,https://handbook.dcoz.dc.gov/zones/special-purpose-zones/hill-east/he-2/,"Official Digital Zoning Map of July 1, 2010",Final,HE-2,Supports the Development of Federal Reservation 13,Special Purpose Zone,,HE-2,HE-2,{648027E9-5373-47A7-B876-A47A32D53D28},740969,0,0
PDR-2,https://handbook.dcoz.dc.gov/zones/production-distribution-and-repair/pdr-2/,"Official Digital Zoning Map of July 1, 2010",Final,PDR-2,"Permits medium density commercial and production, distribution, and repair activities requiring some heavy machinery","Production, Distribution, and Repair Zone",,C-M-2,PDR-2,{B5064EE4-E38D-42F8-95A3-D6BBD53D7EB6},740970,0,0
PDR-1,https://handbook.dcoz.dc.gov/zones/production-distribution-and-repair/pdr-1/,"Official Digital Zoning Map of July 1, 2010",Final,PDR-1,"Permits moderate density commercial and production, distribution, and repair activities requiring some heavy machinery","Production, Distribution, and Repair Zone",,C-M-1,PDR-1,{8ECFF8E1-1E30-4390-8331-BCBE8D81CFFB},740971,0,0
D-5,https://handbook.dcoz.dc.gov/zones/downtown/d-5/,"Adjusted erroneous boundary, reverted back to 61' dimension line, 12/5/2018",Final,D-5,Promotes high-density development of commercial and mixed-uses in areas that had been receiving areas for transferable development rights under Chapter 17 of the 1958 Zoning Regulations,Downtown Zone,,C-3-C,D-5,{3A8BB2D6-339D-4910-B38A-9A0FCCF817B1},740972,0,0
R-1-B,https://handbook.dcoz.dc.gov/zones/residential/R-1-B/,"Fixed zoning boundary in alley in Squares 1868, 1873 on March 15, 2012",Final,R-1-B,Provides areas predominantly developed with detached houses on moderately sized lots.,Residential Zone,,R-1-B,R-1-B,{E16545E2-9D4E-4208-B6C8-5C239B0BACAE},740973,0,0
MU-4,https://handbook.dcoz.dc.gov/zones/mixed-use/MU-4/,"Official Digital Zoning Map of July 1, 2010",Final,MU-4,Permits moderate density mixed use development,Mixed-Use Zone,,C-2-A,MU-4,{6B69860A-1C42-40F6-95B6-305E2D75101F},740974,0,0
R-1-A,https://handbook.dcoz.dc.gov/zones/residential/R-1-A/,"Official Digital Zoning Map of July 1, 2010",Final,R-1-A,Provides areas predominantly developed with detached houses on large lots.,Residential Zone,,R-1-A,R-1-A,{11424D14-1D06-4E5E-B8DB-27CD63153037},740975,0,0
MU-4,https://handbook.dcoz.dc.gov/zones/mixed-use/MU-4/,"Official Digital Zoning Map of July 1, 2010",Final,MU-4,Permits moderate density mixed use development,Mixed-Use Zone,,C-2-A,MU-4,{FFF1897B-012A-476A-9335-237D3E5275B0},740976,0,0
D-6,https://handbook.dcoz.dc.gov/zones/downtown/d-6/,"Correction made on March 1, 2012 to match DCGIS Baist Map ",Final,D-6,Permits high-density commercial and residential development,Downtown Zone,,C-4,D-6,{A9574637-B843-4A90-9561-918AE280442F},740977,0,0
D-6,https://handbook.dcoz.dc.gov/zones/downtown/d-6/,"Adjusted erroneous boundary, reverted back to 61' dimension line, 12/5/2018",Final,D-6,Permits high-density commercial and residential development,Downtown Zone,,C-4,D-6,{E6B7D09C-CA0D-4CCB-96A6-3F03D1C1B26E},740978,0,0
R-1-B,https://handbook.dcoz.dc.gov/zones/residential/R-1-B/,"Official Digital Zoning Map of July 1, 2010",Final,R-1-B,Provides areas predominantly developed with detached houses on moderately sized lots.,Residential Zone,,R-1-B,R-1-B,{16E017AF-87F5-4D0E-9A97-1AAC1372F94A},740979,0,0
MU-4,https://handbook.dcoz.dc.gov/zones/mixed-use/MU-4/,"Official Digital Zoning Map of July 1, 2010",Final,MU-4,Permits moderate density mixed use development,Mixed-Use Zone,,C-2-A,MU-4,{5A91C691-180E-408A-8EA4-9AC9198DCEF3},740980,0,0
MU-14,https://handbook.dcoz.dc.gov/zones/mixed-use/MU-14/,"Zoning Correction made on March 12, 2012 in Square 1190 and 1191 to match DCGIS Baist Map",Final,MU-14,Permits high density mixed-use development in the vicinity of the waterfront,Mixed-Use Zone,,W-3,MU-14,{8E646D51-16C9-4CEA-A448-B668FB7F2A1F},740981,0,0
HE-3,https://handbook.dcoz.dc.gov/zones/special-purpose-zones/hill-east/he-3/,"Official Digital Zoning Map of July 1, 2010",Final,HE-3,Supports the Development of Federal Reservation 13,Special Purpose Zone,,HE-3,HE-3,{53301B44-EDDD-47A6-8685-4271AF57B9DE},740982,0,0
PDR-1,https://handbook.dcoz.dc.gov/zones/production-distribution-and-repair/pdr-1/,"Zoning corrections made in Square 4273 on March 27, 2012 to match official zoning records",Final,PDR-1,"Permits moderate density commercial and production, distribution, and repair activities requiring some heavy machinery","Production, Distribution, and Repair Zone",,C-M-1,PDR-1,{40F968C9-635D-4CDF-9754-1CD3C0A0FEDD},740983,0,0
PDR-4,https://handbook.dcoz.dc.gov/zones/production-distribution-and-repair/pdr-4/,"Official Digital Zoning Map of July 1, 2010",Final,PDR-4,"Permits high density commercial and production, distribution, and repair activities requiring some heavy machinery, minimizing non-industrial uses","Production, Distribution, and Repair Zone",,M,PDR-4,{84741F55-F896-4265-8192-0CECEDFB775D},740984,0,0
R-1-B,https://handbook.dcoz.dc.gov/zones/residential/R-1-B/,"Updated, to add sq3187, lot 37 mistakenly removed; Misc map corrections in Square 3710 on April 26, 2012",Final,R-1-B,Provides areas predominantly developed with detached houses on moderately sized lots.,Residential Zone,,R-1-B,R-1-B,{4F8E6CB5-8346-44E7-A8F0-04579287E364},740985,0,0
R-1-B,https://handbook.dcoz.dc.gov/zones/residential/R-1-B/,"Official Digital Zoning Map of July 1, 2010",Final,R-1-B,Provides areas predominantly developed with detached houses on moderately sized lots.,Residential Zone,,R-1-B,R-1-B,{AF45FA2C-F532-4D21-AFFD-BF1BB86DA911},740986,0,0
MU-3A,https://handbook.dcoz.dc.gov/zones/mixed-use/MU-3/,"Fixed to include 120,123, 125. 08-12A",Final,MU-3A,Permits low density mixed use development ,Mixed-Use Zone,,C-1,MU-3A,{4F8D50E3-5AD9-4634-AB33-4594024BBD75},740987,0,0
RA-4,https://handbook.dcoz.dc.gov/zones/residential-apartment/RA-4/,"Official Digital Zoning Map of July 1, 2010",Final,RA-4,Permits medium to high-desnity apartments,Residential Apartment Zone,,R-5-D,RA-4,{1CA0CC5A-838D-485B-A8BE-7B17BE909908},740988,0,0
MU-7B,https://handbook.dcoz.dc.gov/zones/mixed-use/MU-7/,"Fixed zoning boundary in Square 2674 on March 19, 2012 to match official zoning records; ZC 01-15 Apr 27, 2012; ZC 21-08 renamed zone from MU-7 to MU-7B",Final,MU-7B,Permits medium density mixed-use development,Mixed-Use Zone,,C-3-A,MU-7B,{8311A31B-2280-437D-AC0F-A8688CA46BA1},740989,0,0
R-1-A,https://handbook.dcoz.dc.gov/zones/residential/R-1-A/,"Fixed Mapping error in Square 1346 on March 14, 2012; ZC 90-5",Final,R-1-A,Provides areas predominantly developed with detached houses on large lots.,Residential Zone,,R-1-A,R-1-A,{4F906DD4-0A2C-41B9-8BAA-EFE123561B40},740990,0,0
RA-4,https://handbook.dcoz.dc.gov/zones/residential-apartment/RA-4/,"Official Digital Zoning Map of July 1, 2010",Final,RA-4,Permits medium to high-desnity apartments,Residential Apartment Zone,,R-5-D,RA-4,{0E0701E7-C14E-4B51-A67E-47C95A8E7FD0},740991,0,0
MU-2,https://handbook.dcoz.dc.gov/zones/mixed-use/MU-2/,"Official Digital Zoning Map of July 1, 2010",Final,MU-2,Permits medium density residential and non-residential buildings,Mixed-Use Zone,,SP-2,MU-2,{0D5A34A9-4614-4686-A7C2-BC8420FF45E7},740992,0,0
MU-2,https://handbook.dcoz.dc.gov/zones/mixed-use/MU-2/,"Zoning mapping error fixed in Square 732 on lot 892 on March 8, 2012",Final,MU-2,Permits medium density residential and non-residential buildings,Mixed-Use Zone,,SP-2,MU-2,{F89A466C-CDAF-4CE7-A201-686AEA3342DC},740993,0,0
MU-4,https://handbook.dcoz.dc.gov/zones/mixed-use/MU-4/,"Official Digital Zoning Map of July 1, 2010",Final,MU-4,Permits moderate density mixed use development,Mixed-Use Zone,,C-2-A,MU-4,{CBE50250-C2EE-44EB-9916-F8745323B8E5},740994,0,0
PDR-1,https://handbook.dcoz.dc.gov/zones/production-distribution-and-repair/pdr-1/,"Official Digital Zoning Map of July 1, 2010",Final,PDR-1,"Permits moderate density commercial and production, distribution, and repair activities requiring some heavy machinery","Production, Distribution, and Repair Zone",,C-M-1,PDR-1,{89A29EB6-090A-4072-B80B-9739E8A29104},740995,0,0
PDR-3,https://handbook.dcoz.dc.gov/zones/production-distribution-and-repair/pdr-3/,"Official Digital Zoning Map of July 1, 2010",Final,PDR-3,"Permits high density commercial and production, distribution, and repair activities requiring some heavy machinery","Production, Distribution, and Repair Zone",,C-M-3,PDR-3,{B86BB5AF-5EE6-4974-9108-49993FF59B0A},740996,0,0
PDR-4,https://handbook.dcoz.dc.gov/zones/production-distribution-and-repair/pdr-4/,"Misc map correction in Square 3581 on March 23, 2012",Final,PDR-4,"Permits high density commercial and production, distribution, and repair activities requiring some heavy machinery, minimizing non-industrial uses","Production, Distribution, and Repair Zone",,M,PDR-4,{6E47DB84-9F3E-4397-BF06-A20262AA5696},740997,0,0
R-1-A,https://handbook.dcoz.dc.gov/zones/residential/R-1-A/,"Official Digital Zoning Map of July 1, 2010",Final,R-1-A,Provides areas predominantly developed with detached houses on large lots.,Residential Zone,,R-1-A,R-1-A,{A84E4D46-751B-44D4-BD3A-6851AC1BAF2C},740998,0,0
R-1-A,https://handbook.dcoz.dc.gov/zones/residential/R-1-A/,"Fixed mapping error in Square 2225 on March 15, 2012",Final,R-1-A,Provides areas predominantly developed with detached houses on large lots.,Residential Zone,,R-1-A,R-1-A,{C4ADF749-EA01-474F-83E3-648324160927},740999,0,0
PDR-1,https://handbook.dcoz.dc.gov/zones/production-distribution-and-repair/pdr-1/,"Fixed Error from reduction, 11/6/13",Final,PDR-1,"Permits moderate density commercial and production, distribution, and repair activities requiring some heavy machinery","Production, Distribution, and Repair Zone",,C-M-1,PDR-1,{3124678B-CDFD-41DC-8E80-5B87B9287EFB},741000,0,0
MU-4,https://handbook.dcoz.dc.gov/zones/mixed-use/MU-4/,"Official Digital Zoning Map of July 1, 2010",Final,MU-4,Permits moderate density mixed use development,Mixed-Use Zone,,C-2-A,MU-4,{34FDE50A-E3D8-484A-9386-99CC76EDE945},741001,0,0
MU-4,https://handbook.dcoz.dc.gov/zones/mixed-use/MU-4/,"Map corrections ZC 08-03 April 26, 2012",Final,MU-4,Permits moderate density mixed use development,Mixed-Use Zone,,C-2-A,MU-4,{34755535-E2B8-4DA2-81AD-FD79AD3EA10D},741002,0,0
MU-8B,https://handbook.dcoz.dc.gov/zones/mixed-use/MU-8/,"Official Digital Zoning Map of July 1, 2010; ZC 21-08 renamed zone from MU-8 to MU-8B",Final,MU-8B,Permits medium-density mixed-use development with a focus on employment,Mixed-Use Zone,,C-3-B,MU-8B,{6D21BEED-E554-4F58-A37E-5097A8930C09},741003,0,0
MU-3A,https://handbook.dcoz.dc.gov/zones/mixed-use/MU-3/,"Official Digital Zoning Map of July 1, 2010",Final,MU-3A,Permits low density mixed use development ,Mixed-Use Zone,,C-1,MU-3A,{1F4FC0E1-0994-4B5B-A9EF-955A58FD434B},741004,0,0
MU-4,https://handbook.dcoz.dc.gov/zones/mixed-use/MU-4/,"Misc map corrections in Square 5951 on April 2, 2012",Final,MU-4,Permits moderate density mixed use development,Mixed-Use Zone,,C-2-A,MU-4,{721593F7-F3B7-4922-BC25-F185A3CF282C},741005,0,0
RA-4,https://handbook.dcoz.dc.gov/zones/residential-apartment/RA-4/,"Official Digital Zoning Map of July 1, 2010",Final,RA-4,Permits medium to high-desnity apartments,Residential Apartment Zone,,R-5-D,RA-4,{6B7F5005-6B9B-4BA0-AAEE-A45FEA1DE6CA},741006,0,0
PDR-4,https://handbook.dcoz.dc.gov/zones/production-distribution-and-repair/pdr-4/,"Official Digital Zoning Map of July 1, 2010",Final,PDR-4,"Permits high density commercial and production, distribution, and repair activities requiring some heavy machinery, minimizing non-industrial uses","Production, Distribution, and Repair Zone",,M,PDR-4,{F49CB30D-C1AA-42B8-8B73-73285BD3EC75},741007,0,0
R-1-A,https://handbook.dcoz.dc.gov/zones/residential/R-1-A/,"Boundary adjustment based on historic zoning maps near PAR00780058, 2/16/2022",Final,R-1-A,Provides areas predominantly developed with detached houses on large lots.,Residential Zone,,R-1-A,R-1-A,{5CA78C96-AFA4-4243-8661-D3906414D31B},741008,0,0
MU-11,https://handbook.dcoz.dc.gov/zones/mixed-use/MU-11/,"Official Digital Zoning Map of July 1, 2010",Final,MU-11,"Permits open space, park, and low-density and low-height waterfront-oriented retail and arts uses",Mixed-Use Zone,,W-0,MU-11,{2B834059-3F13-4ABF-9DA0-09E460F0AB65},741009,0,0
MU-3A,https://handbook.dcoz.dc.gov/zones/mixed-use/MU-3/,"Official Digital Zoning Map of July 1, 2010, Fixed topology 5/6/2021",Final,MU-3A,Permits low density mixed use development ,Mixed-Use Zone,,C-1,MU-3A,{BECFD015-CD16-4238-8AB1-A51EF5652FEA},741010,0,0
PDR-1,https://handbook.dcoz.dc.gov/zones/production-distribution-and-repair/pdr-1/,"Official Digital Zoning Map of July 1, 2010",Final,PDR-1,"Permits moderate density commercial and production, distribution, and repair activities requiring some heavy machinery","Production, Distribution, and Repair Zone",,C-M-1,PDR-1,{5FA5455F-AED7-4E81-B748-A58477D5DC6E},741011,0,0
NHR,https://handbook.dcoz.dc.gov/zones/special-purpose-zones/northern-howard-road/nhr/,"ZC 18-19, 20-22, Topology edit 4/14/2022 to reflect new lots",Final,NHR,Supports the development of the area with a mixture of residential and commercial uses.,Special Purpose Zone,,NEW ZONE,NHR,{0689A094-0E38-4C86-BC6D-CD720B240530},741012,0,0
MU-11,https://handbook.dcoz.dc.gov/zones/mixed-use/MU-11/,"Official Digital Zoning Map of July 1, 2010",Final,MU-11,"Permits open space, park, and low-density and low-height waterfront-oriented retail and arts uses",Mixed-Use Zone,,W-0,MU-11,{2559DBD9-99BA-4585-A0CC-DEE80DC339E0},741013,0,0
MU-6B,https://handbook.dcoz.dc.gov/zones/mixed-use/MU-6/,"Official Digital Zoning Map of July 1, 2010; ZC 21-08 renamed zone from MU-6 to MU-6B",Final,MU-6B,Permits medium to high density mixed-use development with a focus on residential use,Mixed-Use Zone,,C-2-C,MU-6B,{FE543F6A-E144-4010-A3C9-5C9184AB7D6A},741014,0,0
RA-5,https://handbook.dcoz.dc.gov/zones/residential-apartment/RA-5/,"Official Digital Zoning Map of July 1, 2010",Final,RA-5,permits high-density apartments,Residential Apartment Zone,,R-5-E,RA-5,{097CA343-6C64-4B6B-8F58-656E64976E2E},741015,0,0
MU-3A,https://handbook.dcoz.dc.gov/zones/mixed-use/MU-3/,"Misc map correction in Square 3317, 3322 on March 23, 2012",Final,MU-3A,Permits low density mixed use development ,Mixed-Use Zone,,C-1,MU-3A,{20E94088-1CA0-42A7-A90E-F981E0CBAC87},741016,0,0
MU-4,https://handbook.dcoz.dc.gov/zones/mixed-use/MU-4/,"Official Digital Zoning Map of July 1, 2010",Final,MU-4,Permits moderate density mixed use development,Mixed-Use Zone,,C-2-A,MU-4,{012E4C3F-F3C7-4972-8EA6-1DCBB0C5A248},741017,0,0
R-1-B,https://handbook.dcoz.dc.gov/zones/residential/R-1-B/,"Fixed Zoning boundary in Square 2087 to run along edge of lots on March 16, 2012; Misc map corrections in Square 2069 on April 27, 2012",Final,R-1-B,Provides areas predominantly developed with detached houses on moderately sized lots.,Residential Zone,,R-1-B,R-1-B,{217B0ADC-7F11-46B4-93FC-CB7CDCDDC4E2},741018,0,0
MU-7B,https://handbook.dcoz.dc.gov/zones/mixed-use/MU-7/,"Official Digital Zoning Map of July 1, 2010; ZC 21-08 renamed zone from MU-7 to MU-7B",Final,MU-7B,Permits medium density mixed-use development,Mixed-Use Zone,,C-3-A,MU-7B,{DA690FAA-7600-40BD-B514-A70262E8B92F},741019,0,0
PDR-2,https://handbook.dcoz.dc.gov/zones/production-distribution-and-repair/pdr-2/,"Official Digital Zoning Map of July 1, 2010",Final,PDR-2,"Permits medium density commercial and production, distribution, and repair activities requiring some heavy machinery","Production, Distribution, and Repair Zone",,C-M-2,PDR-2,{16C290EF-3A69-43E4-9466-DA27F278CD29},741020,0,0
MU-5A,https://handbook.dcoz.dc.gov/zones/mixed-use/MU-5A/,"Official Digital Zoning Map of July 1, 2010",Final,MU-5A,"Permits medium density, compact mixed-use development with an emphasis on residential use",Mixed-Use Zone,,C-2-B,MU-5A,{96911158-656C-4218-9B77-4BC5F09CE1B8},741021,0,0
R-1-B,https://handbook.dcoz.dc.gov/zones/residential/R-1-B/,"Official Digital Zoning Map of July 1, 2010",Final,R-1-B,Provides areas predominantly developed with detached houses on moderately sized lots.,Residential Zone,,R-1-B,R-1-B,{C421FC65-967C-4D70-91AD-D3916B58ED02},741022,0,0
D-2,https://handbook.dcoz.dc.gov/zones/downtown/d-2/,"Correction Made 11/6/13, Merged wrongly created C-3 PUD Zoning with correct underlying zoning",Final,D-2,Ensures development consistent with historic resources in the vicinity of Judiciary Square and the White House,Downtown Zone,,SP-2,D-2,{18BA9652-109F-41F6-9B14-2CBF9664E1E8},741023,0,0
D-2,https://handbook.dcoz.dc.gov/zones/downtown/d-2/,"Official Digital Zoning Map of July 1, 2010",Final,D-2,Ensures development consistent with historic resources in the vicinity of Judiciary Square and the White House,Downtown Zone,,SP-2,D-2,{664D338D-AA0C-4888-B1CC-17FFD2EF940B},741024,0,0
PDR-4,https://handbook.dcoz.dc.gov/zones/production-distribution-and-repair/pdr-4/,"Zoning Correction made on March 12, 2012 in Square 1048 to match DCGIS Baist Map",Final,PDR-4,"Permits high density commercial and production, distribution, and repair activities requiring some heavy machinery, minimizing non-industrial uses","Production, Distribution, and Repair Zone",,M,PDR-4,{826BA1C6-0662-400E-845C-5B688DC45FCC},741025,0,0
MU-4,https://handbook.dcoz.dc.gov/zones/mixed-use/MU-4/,"Official Digital Zoning Map of July 1, 2010",Final,MU-4,Permits moderate density mixed use development,Mixed-Use Zone,,C-2-A,MU-4,{24A09798-7FF6-4C03-8923-E22EECEF0A77},741026,0,0
RA-5,https://handbook.dcoz.dc.gov/zones/residential-apartment/RA-5/,"Correction made on Feb 27, 2012 to match DCGIS Baist Map ",Final,RA-5,permits high-density apartments,Residential Apartment Zone,,R-5-E,RA-5,{27ED368A-7D7B-41E7-B31B-C025888E8412},741027,0,0
MU-12,https://handbook.dcoz.dc.gov/zones/mixed-use/MU-12/,"Official Digital Zoning Map of July 1, 2010",Final,MU-12,Permits moderate density mixed-use development in the vicinity of the waterfront,Mixed-Use Zone,,W-1,MU-12,{A368DF20-7F15-4C30-A35A-8AC144BB1DAF},741028,0,0
MU-12,https://handbook.dcoz.dc.gov/zones/mixed-use/MU-12/,"Official Digital Zoning Map of July 1, 2010",Final,MU-12,Permits moderate density mixed-use development in the vicinity of the waterfront,Mixed-Use Zone,,W-1,MU-12,{E4A75810-8ECB-449C-9C5C-75F2108B70C4},741029,0,0
UNZONED,https://handbook.dcoz.dc.gov/,"Fixed mapping error in Square 1454 & 1455 on March 14, 2012 by aligning zoning boundary to the center line of the street",Final,UNZONED,,Unzoned,,UNZONED,UNZONED,{73B7175E-D2FD-4FC0-9123-D8261DE97944},741030,0,0
MU-4,https://handbook.dcoz.dc.gov/zones/mixed-use/MU-4/,"Official Digital Zoning Map of July 1, 2010",Final,MU-4,Permits moderate density mixed use development,Mixed-Use Zone,,C-2-A,MU-4,{6F3A51F1-0CA1-4172-BE9B-C76779E90DED},741031,0,0
MU-4,https://handbook.dcoz.dc.gov/zones/mixed-use/MU-4/,"Official Digital Zoning Map of July 1, 2010",Final,MU-4,Permits moderate density mixed use development,Mixed-Use Zone,,C-2-A,MU-4,{DBA5B3B8-1425-444E-AEF4-827E1F9EBCE3},741032,0,0
MU-4,https://handbook.dcoz.dc.gov/zones/mixed-use/MU-4/,"Official Digital Zoning Map of July 1, 2010",Final,MU-4,Permits moderate density mixed use development,Mixed-Use Zone,,C-2-A,MU-4,{0F504DCA-4BD6-4C12-8BC0-6E172A15AD99},741033,0,0
MU-4,https://handbook.dcoz.dc.gov/zones/mixed-use/MU-4/,"Official Digital Zoning Map of July 1, 2010",Final,MU-4,Permits moderate density mixed use development,Mixed-Use Zone,,C-2-A,MU-4,{5FF4BB4B-B747-44B2-9050-B9DA50ADB519},741034,0,0
MU-4,https://handbook.dcoz.dc.gov/zones/mixed-use/MU-4/,"Official Digital Zoning Map of July 1, 2010",Final,MU-4,Permits moderate density mixed use development,Mixed-Use Zone,,C-2-A,MU-4,{1D0E35BE-FEE6-4C20-8111-9DD7E857DD13},741035,0,0
MU-7B,https://handbook.dcoz.dc.gov/zones/mixed-use/MU-7/,"Official Digital Zoning Map of July 1, 2010; ZC 21-08 renamed zone from MU-7 to MU-7B",Final,MU-7B,Permits medium density mixed-use development,Mixed-Use Zone,,C-3-A,MU-7B,{CB1F14F3-7424-47D0-B9FB-C810DCCEB57E},741036,0,0
MU-4,https://handbook.dcoz.dc.gov/zones/mixed-use/MU-4/,"Official Digital Zoning Map of July 1, 2010",Final,MU-4,Permits moderate density mixed use development,Mixed-Use Zone,,C-2-A,MU-4,{5DFEB36A-52C3-43A4-8910-38822D90E532},741037,0,0
PDR-3,https://handbook.dcoz.dc.gov/zones/production-distribution-and-repair/pdr-3/,Map Correction per official Zoning Map of 1958 ,Final,PDR-3,"Permits high density commercial and production, distribution, and repair activities requiring some heavy machinery","Production, Distribution, and Repair Zone",,C-M-3,PDR-3,{EB0AC264-1B36-4615-A035-A6BC8626A63A},741038,0,0
MU-5A,https://handbook.dcoz.dc.gov/zones/mixed-use/MU-5A/,"Fixed zoning boundary in Square 750, Lots 811 and 812 to match official zoning records on Feb 13, 2020",Final,MU-5A,"Permits medium density, compact mixed-use development with an emphasis on residential use",Mixed-Use Zone,,C-2-B,MU-5A,{6904D385-38E3-4ED9-AE33-2955F515331E},741039,0,0
MU-13,https://handbook.dcoz.dc.gov/zones/mixed-use/MU-13/,"Official Digital Zoning Map of July 1, 2010",Final,MU-13,Permits medium density mixed-use development in the vicinity of the waterfront,Mixed-Use Zone,,W-2,MU-13,{B1C112CB-53E1-4E9D-856B-C06982F9EAA4},741040,0,0
D-4,https://handbook.dcoz.dc.gov/zones/downtown/d-4/,"Official Digital Zoning Map of July 1, 2010",Final,D-4,Permits high-density development of commercial and mixed uses,Downtown Zone,,C-3-C,D-4,{7BF0F05F-77ED-4D19-843F-28D9CCC96D07},741041,0,0
D-4,https://handbook.dcoz.dc.gov/zones/downtown/d-4/,"Official Digital Zoning Map of July 1, 2010",Final,D-4,Permits high-density development of commercial and mixed uses,Downtown Zone,,HR/C-3-C,D-4,{D069CB33-5382-45D5-9402-3E6E2AD4BDCD},741042,0,0
RA-5,https://handbook.dcoz.dc.gov/zones/residential-apartment/RA-5/,"Official Digital Zoning Map of July 1, 2010",Final,RA-5,permits high-density apartments,Residential Apartment Zone,,R-5-E,RA-5,{230C0493-12F2-4D34-91E0-3A29610EC19D},741043,0,0
RA-5,https://handbook.dcoz.dc.gov/zones/residential-apartment/RA-5/,"Changed Zoning Boundary on Feb 29, 2012 to run along the center line of the alley in Square 0099 between lots ",Final,RA-5,permits high-density apartments,Residential Apartment Zone,,R-5-E,RA-5,{8C489726-A152-4B99-9353-9A2F27F0FE60},741044,0,0
RA-4,https://handbook.dcoz.dc.gov/zones/residential-apartment/RA-4/,"Official Digital Zoning Map of July 1, 2010",Final,RA-4,Permits medium to high-desnity apartments,Residential Apartment Zone,,R-5-D,RA-4,{5368A392-97A8-4810-8F57-1AFE9045B066},741045,0,0
D-5,https://handbook.dcoz.dc.gov/zones/downtown/d-5/,"Changed Zoning Boundary on Feb 29, 2012 to run along the center line of the alley in Square 0099 between lots 48 and 53. Fixed Zoning Boundary in Lot 874 Square 0101 on March 2, 2012 to extend it to the center line of the alley ",Final,D-5,Promotes high-density development of commercial and mixed-uses in areas that had been receiving areas for transferable development rights under Chapter 17 of the 1958 Zoning Regulations,Downtown Zone,,C-3-C,D-5,{6DDF396C-F146-4025-9CC8-2C1AEED37810},741046,0,0
MU-4,https://handbook.dcoz.dc.gov/zones/mixed-use/MU-4/,"Official Digital Zoning Map of July 1, 2010",Final,MU-4,Permits moderate density mixed use development,Mixed-Use Zone,,C-2-A,MU-4,{940C32DC-D352-4A9A-A132-D5B8866C7D08},741047,0,0
MU-7B,https://handbook.dcoz.dc.gov/zones/mixed-use/MU-7/,"Fixed Map Error, March 15, 2011; ZC 21-08 renamed zone from MU-7 to MU-7B",Final,MU-7B,Permits medium density mixed-use development,Mixed-Use Zone,,C-3-A,MU-7B,{BCFC4806-C5D1-4C69-8B17-12F9FCEA7F36},741048,0,0
R-1-B,https://handbook.dcoz.dc.gov/zones/residential/R-1-B/,"Fixed Error mapping Case 87-34, 04/01/2011, March 13, 2012",Final,R-1-B,Provides areas predominantly developed with detached houses on moderately sized lots.,Residential Zone,,R-1-B,R-1-B,{15D56E7A-9B23-4857-8681-F6F815975C9B},741049,0,0
PDR-4,https://handbook.dcoz.dc.gov/zones/production-distribution-and-repair/pdr-4/,"Temporarily Update Map until Correction MA filed, 06/27/11",Final,PDR-4,"Permits high density commercial and production, distribution, and repair activities requiring some heavy machinery, minimizing non-industrial uses","Production, Distribution, and Repair Zone",,M,PDR-4,{43DFD6DE-5579-446E-B101-23EF1276FB80},741050,0,0
MU-6B,https://handbook.dcoz.dc.gov/zones/mixed-use/MU-6/,"Order 11-04, 09/12/2011; ZC 21-08 renamed zone from MU-6 to MU-6B",Final,MU-6B,Permits medium to high density mixed-use development with a focus on residential use,Mixed-Use Zone,,C-2-C,MU-6B,{6C085712-F638-4614-B02B-C8ED411B6613},741051,0,0
MU-7B,https://handbook.dcoz.dc.gov/zones/mixed-use/MU-7/,"Order 11-06, 09/02/2011; ZC 21-08 renamed zone from MU-7 to MU-7B",Final,MU-7B,Permits medium density mixed-use development,Mixed-Use Zone,,C-3-A,MU-7B,{8082DCFF-BF47-4A5C-9ED6-944DB9908DF9},741052,0,0
PDR-4,https://handbook.dcoz.dc.gov/zones/production-distribution-and-repair/pdr-4/,No change in Zoning based on Zoning Commission Order #821,Final,PDR-4,"Permits high density commercial and production, distribution, and repair activities requiring some heavy machinery, minimizing non-industrial uses","Production, Distribution, and Repair Zone",,M,PDR-4,{46920F26-B099-44DB-9622-C29480387B24},741053,0,0
MU-5A,https://handbook.dcoz.dc.gov/zones/mixed-use/MU-5A/,Misc map corrections,Final,MU-5A,"Permits medium density, compact mixed-use development with an emphasis on residential use",Mixed-Use Zone,,C-2-B,MU-5A,{B8AA451F-8588-4DA2-9714-811868B219C1},741054,0,0
RA-4,https://handbook.dcoz.dc.gov/zones/residential-apartment/RA-4/,"Misc map corrections in Square 0502 on Apr 12, 2012",Final,RA-4,Permits medium to high-desnity apartments,Residential Apartment Zone,,R-5-D,RA-4,{57F7DFF4-F0B6-41CE-94B5-269775051AA3},741055,0,0
RA-4,https://handbook.dcoz.dc.gov/zones/residential-apartment/RA-4/,"Official Digital Zoning Map of July 1, 2010",Final,RA-4,Permits medium to high-desnity apartments,Residential Apartment Zone,,R-5-D,RA-4,{F0DE318A-8AC7-4508-97A8-9D0EF11B66EC},741056,0,0
MU-4,https://handbook.dcoz.dc.gov/zones/mixed-use/MU-4/,"Official Digital Zoning Map of July 1, 2010",Final,MU-4,Permits moderate density mixed use development,Mixed-Use Zone,,C-2-A,MU-4,{E5ADE737-D30D-425F-BE1F-618DDB3B4FB9},741057,0,0
StE-19,https://handbook.dcoz.dc.gov/zones/special-purpose-zones/st-elizabeths-east-campus/ste-19/,Created by ZC # 12-08 on 4/3/2013,Final,StE-19,Supports the St. Elizabeth's Campus Master Plan.,Special Purpose Zone,,StE-19,StE-19,{82C04122-E3D6-439B-82BE-4360807BA155},741058,0,0
StE-1,https://handbook.dcoz.dc.gov/zones/special-purpose-zones/st-elizabeths-east-campus/ste-1/,Created by ZC # 12-08 on 4/3/2013,Final,StE-1,Supports the St. Elizabeth's Campus Master Plan.,Special Purpose Zone,,StE-1,StE-1,{16CF3AA8-7BA6-4C71-87C0-613E77132246},741059,0,0
StE-2,https://handbook.dcoz.dc.gov/zones/special-purpose-zones/st-elizabeths-east-campus/ste-2/,Created by ZC # 12-08 on 4/3/2013,Final,StE-2,Supports the St. Elizabeth's Campus Master Plan.,Special Purpose Zone,,StE-2,StE-2,{F1A28BD0-98E3-440A-B8AA-1A25CA3086DD},741060,0,0
StE-4,https://handbook.dcoz.dc.gov/zones/special-purpose-zones/st-elizabeths-east-campus/ste-4/,Created by ZC # 12-08 on 4/3/2013,Final,StE-4,Supports the St. Elizabeth's Campus Master Plan.,Special Purpose Zone,,StE-4,StE-4,{FE074970-94F3-4649-B9D0-38BFC93F8B16},741061,0,0
StE-3,https://handbook.dcoz.dc.gov/zones/special-purpose-zones/st-elizabeths-east-campus/ste-3/,Created by ZC # 12-08 on 4/3/2013,Final,StE-3,Supports the St. Elizabeth's Campus Master Plan.,Special Purpose Zone,,StE-3,StE-3,{EDE85514-907F-4013-AC97-26C4E9E5256D},741062,0,0
StE-7,https://handbook.dcoz.dc.gov/zones/special-purpose-zones/st-elizabeths-east-campus/ste-7/,Created by ZC # 12-08 on 4/3/2013,Final,StE-7,Supports the St. Elizabeth's Campus Master Plan.,Special Purpose Zone,,StE-7,StE-7,{53B17C16-E86E-4175-A14F-201D3828F99E},741063,0,0
StE-8,https://handbook.dcoz.dc.gov/zones/special-purpose-zones/st-elizabeths-east-campus/ste-8/,Created by ZC # 12-08 on 4/3/2013,Final,StE-8,Supports the St. Elizabeth's Campus Master Plan.,Special Purpose Zone,,StE-8,StE-8,{5B2FD4ED-082A-46A3-A2B9-12833DCFCA22},741064,0,0
StE-10,https://handbook.dcoz.dc.gov/zones/special-purpose-zones/st-elizabeths-east-campus/ste-10/,Created by ZC # 12-08 on 4/3/2013,Final,StE-10,Supports the St. Elizabeth's Campus Master Plan.,Special Purpose Zone,,StE-10,StE-10,{27EB73BB-9888-4381-B4DD-17BE87FEB07E},741065,0,0
StE-14,https://handbook.dcoz.dc.gov/zones/special-purpose-zones/st-elizabeths-east-campus/ste-14/,Created by ZC # 12-08 on 4/3/2013,Final,StE-14,Supports the St. Elizabeth's Campus Master Plan.,Special Purpose Zone,,StE-14,StE-14,{3FD280F6-50E4-4064-B1ED-22AB2455EF39},741066,0,0
StE-17,https://handbook.dcoz.dc.gov/zones/special-purpose-zones/st-elizabeths-east-campus/ste-17/,Created by ZC # 12-08 on 4/3/2013,Final,StE-17,Supports the St. Elizabeth's Campus Master Plan.,Special Purpose Zone,,StE-17,StE-17,{F3841D57-A1B3-4E45-95B1-78109A3D08DB},741067,0,0
StE-16,https://handbook.dcoz.dc.gov/zones/special-purpose-zones/st-elizabeths-east-campus/ste-16/,Created by ZC # 12-08 on 4/3/2013,Final,StE-16,Supports the St. Elizabeth's Campus Master Plan.,Special Purpose Zone,,StE-16,StE-16,{006839DE-5A82-4CB8-BDDE-F2C35857726B},741068,0,0
StE-18,https://handbook.dcoz.dc.gov/zones/special-purpose-zones/st-elizabeths-east-campus/ste-18/,Created by ZC # 12-08 on 4/3/2013,Final,StE-18,Supports the St. Elizabeth's Campus Master Plan.,Special Purpose Zone,,StE-18,StE-18,{683C19BA-94E8-477F-9FFE-5306465AED1B},741069,0,0
StE-15,https://handbook.dcoz.dc.gov/zones/special-purpose-zones/st-elizabeths-east-campus/ste-15/,Created by ZC # 12-08 on 4/3/2013,Final,StE-15,Supports the St. Elizabeth's Campus Master Plan.,Special Purpose Zone,,StE-15,StE-15,{29AD64F8-ED9B-468E-A1B3-877AEA93BF5D},741070,0,0
StE-13,https://handbook.dcoz.dc.gov/zones/special-purpose-zones/st-elizabeths-east-campus/ste-13/,Created by ZC # 12-08 on 4/3/2013,Final,StE-13,Supports the St. Elizabeth's Campus Master Plan.,Special Purpose Zone,,StE-13,StE-13,{580CE302-6E1F-4295-AE07-4BBE9F99038D},741071,0,0
StE-12,https://handbook.dcoz.dc.gov/zones/special-purpose-zones/st-elizabeths-east-campus/ste-12/,Created by ZC # 12-08 on 4/3/2013,Final,StE-12,Supports the St. Elizabeth's Campus Master Plan.,Special Purpose Zone,,StE-12,StE-12,{C147C57F-0E51-42DE-8E45-A3C450EC31CA},741072,0,0
StE-11,https://handbook.dcoz.dc.gov/zones/special-purpose-zones/st-elizabeths-east-campus/ste-11/,Created by ZC # 12-08 on 4/3/2013,Final,StE-11,Supports the St. Elizabeth's Campus Master Plan.,Special Purpose Zone,,StE-11,StE-11,{9E99E399-1168-4F8B-BDD2-6ADDC27F9863},741073,0,0
StE-9,https://handbook.dcoz.dc.gov/zones/special-purpose-zones/st-elizabeths-east-campus/ste-9/,Created by ZC # 12-08 on 4/3/2013,Final,StE-9,Supports the St. Elizabeth's Campus Master Plan.,Special Purpose Zone,,StE-9,StE-9,{7848FC57-CA3C-4007-B797-1D7A02C5FCF0},741074,0,0
StE-6,https://handbook.dcoz.dc.gov/zones/special-purpose-zones/st-elizabeths-east-campus/ste-6/,Created by ZC # 12-08 on 4/3/2013,Final,StE-6,Supports the St. Elizabeth's Campus Master Plan.,Special Purpose Zone,,StE-6,StE-6,{F683CA04-7DB1-4945-837C-C7305F6A2B60},741075,0,0
StE-5,https://handbook.dcoz.dc.gov/zones/special-purpose-zones/st-elizabeths-east-campus/ste-5/,Created by ZC # 12-08 on 4/3/2013,Final,StE-5,Supports the St. Elizabeth's Campus Master Plan.,Special Purpose Zone,,StE-5,StE-5,{7ADCCB1C-6999-4E19-AB29-2DFE285FA408},741076,0,0
PDR-3,https://handbook.dcoz.dc.gov/zones/production-distribution-and-repair/pdr-3/,"Created by ZC 13-02 on 7/16/13.  Map amendment Order No. 13-02, Case No. 13-02, 7/19/13.",Final,PDR-3,"Permits high density commercial and production, distribution, and repair activities requiring some heavy machinery","Production, Distribution, and Repair Zone",,C-M-3,PDR-3,{A64C5E7D-0404-43FA-A7D0-1DB34A4E998B},741077,0,0
PDR-2,https://handbook.dcoz.dc.gov/zones/production-distribution-and-repair/pdr-2/,"Cut off from C-M-2 segment to northeast by ZC 13-02 on 7/16/13.  Map amendment Order No. 13-02, Case No. 13-02, 7/19/13.",Final,PDR-2,"Permits medium density commercial and production, distribution, and repair activities requiring some heavy machinery","Production, Distribution, and Repair Zone",,C-M-2,PDR-2,{8D4E5C5B-7274-4146-927E-14FC163C27CB},741078,0,0
MU-4,https://handbook.dcoz.dc.gov/zones/mixed-use/MU-4/,Fixed Topology Errors 10/31/13,Final,MU-4,Permits moderate density mixed use development,Mixed-Use Zone,,C-2-A,MU-4,{7CCB24BE-C9A6-4942-9376-EF59E90259F5},741079,0,0
MU-4,https://handbook.dcoz.dc.gov/zones/mixed-use/MU-4/,Fixed Mapping Error 11/6/13,Final,MU-4,Permits moderate density mixed use development,Mixed-Use Zone,,C-2-A,MU-4,{E4242068-8425-472E-86B2-A0DCB1D7AF9C},741080,0,0
MU-7B,https://handbook.dcoz.dc.gov/zones/mixed-use/MU-7/,"Corrected Split Owner Poly Lot 11/26/13; ZC 21-08 renamed zone from MU-7 to MU-7B",Final,MU-7B,Permits medium density mixed-use development,Mixed-Use Zone,,C-3-A,MU-7B,{8A342C90-F77B-4E3F-B71C-D3E3C4F5C9ED},741081,0,0
MU-7B,https://handbook.dcoz.dc.gov/zones/mixed-use/MU-7/,"Official Digital Zoning Map of July 1, 2010; ZC 21-08 renamed zone from MU-7 to MU-7B",Final,MU-7B,Permits medium density mixed-use development,Mixed-Use Zone,,C-3-A,MU-7B,{4C9C65EA-D00C-4747-9F93-968ADE285CE5},741082,0,0
RA-3,https://handbook.dcoz.dc.gov/zones/residential-apartment/RA-3/,"ZC Order No. 13-07, June 9, 2014",Final,RA-3,Permits moderate to medium density apartments,Residential Apartment Zone,,R-5-C,RA-3,{5507F625-1D3A-40ED-8828-E4CD0B8E683D},741083,0,0
PDR-1,https://handbook.dcoz.dc.gov/zones/production-distribution-and-repair/pdr-1/,"Misc map corrections in Square 3825 on March 26, 2012",Final,PDR-1,"Permits moderate density commercial and production, distribution, and repair activities requiring some heavy machinery","Production, Distribution, and Repair Zone",,C-M-1,PDR-1,{C20DF25D-17CE-4BE6-BCDE-BC1B7085CAA0},741084,0,0
RA-4,https://handbook.dcoz.dc.gov/zones/residential-apartment/RA-4/,"Official Digital Zoning Map of July 1, 2010",Final,RA-4,Permits medium to high-desnity apartments,Residential Apartment Zone,,R-5-D,RA-4,{5964D85C-351E-463A-8AB5-7F17856262D8},741085,0,0
MU-3A,https://handbook.dcoz.dc.gov/zones/mixed-use/MU-3/,"Official Digital Zoning Map of July 1, 2010",Final,MU-3A,Permits low density mixed use development ,Mixed-Use Zone,,C-1,MU-3A,{D53996FA-FB9C-4707-B08E-A8453B3E2048},741086,0,0
R-1-B,https://handbook.dcoz.dc.gov/zones/residential/R-1-B/,"Official Digital Zoning Map of July 1, 2010",Final,R-1-B,Provides areas predominantly developed with detached houses on moderately sized lots.,Residential Zone,,R-1-B,R-1-B,{3D46CC58-216B-41C3-A809-4C005F9207F2},741087,0,0
MU-10,https://handbook.dcoz.dc.gov/zones/mixed-use/MU-10/,"Correction made on Feb 27, 2012 to match DCGIS Baist Map ",Final,MU-10,Permits medium to high density mixed-use development with a balance of uses ,Mixed-Use Zone,,CR,MU-10,{EAB4CFE4-9B53-4EE3-B403-6791545CD906},741088,0,0
MU-4,https://handbook.dcoz.dc.gov/zones/mixed-use/MU-4/,"Official Digital Zoning Map of July 1, 2010",Final,MU-4,Permits moderate density mixed use development,Mixed-Use Zone,,C-2-A,MU-4,{3254751C-9759-4C0F-9487-86249443CACE},741089,0,0
RA-4,https://handbook.dcoz.dc.gov/zones/residential-apartment/RA-4/,Changed Zoning Boundary to run along the center line of the alley in Square 0152 between lots 196 and 186,Final,RA-4,Permits medium to high-desnity apartments,Residential Apartment Zone,,R-5-D,RA-4,{B1860E58-EE88-494C-BBA2-B5091DECF768},741090,0,0
MU-7B,https://handbook.dcoz.dc.gov/zones/mixed-use/MU-7/,"Fixed mapping error to in Square 1964 on March 16, 2012 to match DCGIS Baist Map; ZC 21-08 renamed zone from MU-7 to MU-7B",Final,MU-7B,Permits medium density mixed-use development,Mixed-Use Zone,,C-3-A,MU-7B,{7A56F722-63DD-43AE-AF6C-E14D7FB581DC},741091,0,0
UNZONED,https://handbook.dcoz.dc.gov/,"Fixed Zoning Boundary to match DCGIS Baist Map on March 14, 2012; Misc map corrections in Square 1427 & 1521 on April 17, 2012",Final,UNZONED,,Unzoned,,UNZONED,UNZONED,{1CD8E7DA-F163-4AA1-A1CA-944F31116CFC},741092,0,0
MU-4,https://handbook.dcoz.dc.gov/zones/mixed-use/MU-4/,"Official Digital Zoning Map of July 1, 2010",Final,MU-4,Permits moderate density mixed use development,Mixed-Use Zone,,C-2-A,MU-4,{4E3F8C7A-E38A-4948-B1CA-5053BC5EEE64},741093,0,0
RA-4,https://handbook.dcoz.dc.gov/zones/residential-apartment/RA-4/,"Fixed mapping error in Square 0175 between Lots 2 and 23 on March 1, 2012, Fixed zoning boundary in Square 2571 on March 19, 2012 to match official zoning records.  Map Amendment, ZC Case Order 11-08, 3/9/2012.",Final,RA-4,Permits medium to high-desnity apartments,Residential Apartment Zone,,R-5-D,RA-4,{C975C448-1FF7-4456-B69F-41A5AB36C80E},741094,0,0
RA-4,https://handbook.dcoz.dc.gov/zones/residential-apartment/RA-4/,"Official Digital Zoning Map of July 1, 2010",Final,RA-4,Permits medium to high-desnity apartments,Residential Apartment Zone,,R-5-D,RA-4,{5651C895-EBF1-4CE0-BC7E-4D1E48A22D83},741095,0,0
MU-5A,https://handbook.dcoz.dc.gov/zones/mixed-use/MU-5A/,"Official Digital Zoning Map of July 1, 2010",Final,MU-5A,"Permits medium density, compact mixed-use development with an emphasis on residential use",Mixed-Use Zone,,C-2-B,MU-5A,{C3A3F379-5F14-41F8-B9E7-B3185AB48F8D},741096,0,0
MU-4,https://handbook.dcoz.dc.gov/zones/mixed-use/MU-4/,"Misc map corrections on March 7,2012 in Square 0507 b/w lots 818 & 94 and in Square 0614 b/w lots 115 & 51;Miscellaneous map correction in Square 3093, 3094, 3095 on March 23, 2012; Sq. 3103 Lot 800 added via ZC10-14 on 2/14/13",Final,MU-4,Permits moderate density mixed use development,Mixed-Use Zone,,C-2-A,MU-4,{9B088122-A8AE-4B3E-A066-03D1A41BF454},741097,0,0
MU-10,https://handbook.dcoz.dc.gov/zones/mixed-use/MU-10/,Updated to include changes from Order 03-05,Final,MU-10,Permits medium to high density mixed-use development with a balance of uses ,Mixed-Use Zone,,CR,MU-10,{8C187665-5D14-452F-A835-9B834824F375},741098,0,0
MU-11,https://handbook.dcoz.dc.gov/zones/mixed-use/MU-11/,"Official Digital Zoning Map of July 1, 2010",Final,MU-11,"Permits open space, park, and low-density and low-height waterfront-oriented retail and arts uses",Mixed-Use Zone,,W-0,MU-11,{51EA22BF-F484-41C0-A5D8-861E8A7E9D90},741099,0,0
R-1-A,https://handbook.dcoz.dc.gov/zones/residential/R-1-A/,"Misc map corrections in Square 2234 on Apr 27, 2012",Final,R-1-A,Provides areas predominantly developed with detached houses on large lots.,Residential Zone,,R-1-A,R-1-A,{F9472E58-E182-4411-9BA4-C5CF2AE666F5},741100,0,0
MU-5A,https://handbook.dcoz.dc.gov/zones/mixed-use/MU-5A/,"Official Digital Zoning Map of July 1, 2010",Final,MU-5A,"Permits medium density, compact mixed-use development with an emphasis on residential use",Mixed-Use Zone,,C-2-B,MU-5A,{7A31815F-8178-42C3-AE90-72A79B0B4C05},741101,0,0
RA-4,https://handbook.dcoz.dc.gov/zones/residential-apartment/RA-4/,"Official Digital Zoning Map of July 1, 2010",Final,RA-4,Permits medium to high-desnity apartments,Residential Apartment Zone,,R-5-D,RA-4,{32E8C2FE-C840-4C18-A2A3-48D5D75BE614},741102,0,0
MU-3A,https://handbook.dcoz.dc.gov/zones/mixed-use/MU-3/,"Fixed zoning boundary in alley in Squares 1859, 1868 on March 15, 2012",Final,MU-3A,Permits low density mixed use development ,Mixed-Use Zone,,C-1,MU-3A,{DCBC0F91-F1FD-4D83-9956-EFE0A6AAE7DF},741103,0,0
R-1-A,https://handbook.dcoz.dc.gov/zones/residential/R-1-A/,"Official Digital Zoning Map of July 1, 2010",Final,R-1-A,Provides areas predominantly developed with detached houses on large lots.,Residential Zone,,R-1-A,R-1-A,{71E0BE2E-FA6E-4CB2-9668-267392DC37A1},741104,0,0
MU-25,https://handbook.dcoz.dc.gov/zones/mixed-use/MU-25/,"Official Digital Zoning Map of July 1, 2010",Final,MU-25,Permits moderate density mixed-use development in the vicinity of the U.S. Capitol,Mixed-Use Zone,,CHC/C-2-A,MU-25,{4F73E5FB-FD04-4263-82AE-7D8D960ED93E},741105,0,0
MU-24,https://handbook.dcoz.dc.gov/zones/mixed-use/MU-24/,"Official Digital Zoning Map of July 1, 2010",Final,MU-24,Permits moderate density mixed-use development in the vicinity of the U.S. Capitol,Mixed-Use Zone,,CAP/C-2-A,MU-24,{E172DEB6-F6EC-4DFB-BD0A-774DF4F4E2F1},741106,0,0
MU-25,https://handbook.dcoz.dc.gov/zones/mixed-use/MU-25/,"Official Digital Zoning Map of July 1, 2010",Final,MU-25,Permits moderate density mixed-use development in the vicinity of the U.S. Capitol,Mixed-Use Zone,,CHC/C-2-A,MU-25,{0889D5A1-20FE-436E-825A-C0722C042F7B},741107,0,0
MU-2,https://handbook.dcoz.dc.gov/zones/mixed-use/MU-2/,"Official Digital Zoning Map of July 1, 2010",Final,MU-2,Permits medium density residential and non-residential buildings,Mixed-Use Zone,,D/SP-2,MU-2,{CF7FEBD5-A838-4788-BED4-6F708086FDC8},741108,0,0
RC-3,https://handbook.dcoz.dc.gov/zones/special-purpose-zones/reed-cooke/rc-3/,"Official Digital Zoning Map of July 1, 2010",Final,RC-3,"Permits medium density, compact mixed use development with an emphasis on residential development",Special Purpose Zone,,RC/C-2-B,RC-3,{30ACC14E-5287-4B5E-A002-899696D232A5},741109,0,0
RC-3,https://handbook.dcoz.dc.gov/zones/special-purpose-zones/reed-cooke/rc-3/,"Official Digital Zoning Map of July 1, 2010",Final,RC-3,"Permits medium density, compact mixed use development with an emphasis on residential development",Special Purpose Zone,,RC/C-2-B,RC-3,{B3486982-B1DB-4360-8672-2C22020448A2},741110,0,0
RC-1,https://handbook.dcoz.dc.gov/zones/special-purpose-zones/reed-cooke/rc-1/,"Official Digital Zoning Map of July 1, 2010",Final,RC-1,Permits moderate and medium-density rowhouses and apartments,Special Purpose Zone,,RC/R-5-B,RC-1,{4738550F-4E4E-4041-9417-CEB2B56364BC},741111,0,0
R-1-B,https://handbook.dcoz.dc.gov/zones/residential/R-1-B/,"Official Digital Zoning Map of July 1, 2010",Final,R-1-B,Provides areas predominantly developed with detached houses on moderately sized lots.,Residential Zone,,D/R-1-B,R-1-B,{074CCCB1-11A5-487B-A219-CE471FE71F52},741112,0,0
D-5,https://handbook.dcoz.dc.gov/zones/downtown/d-5/,"Fixed zoning boundary in Square 0371 to match official zoning records on March 21, 2012",Final,D-5,Promotes high-density development of commercial and mixed-uses in areas that had been receiving areas for transferable development rights under Chapter 17 of the 1958 Zoning Regulations,Downtown Zone,,DD/C-3-C,D-5,{58F0CAEF-CC1B-4ABF-BC70-C2D27BF262F7},741113,0,0
RA-9,https://handbook.dcoz.dc.gov/zones/residential-apartment/RA-9/,"Official Digital Zoning Map of July 1, 2010",Final,RA-9,Permits medium to high-desnity apartments in Dupont Circle,Residential Apartment Zone,,DC/R-5-D,RA-9,{380EBF8D-9699-44F7-A2A5-673CBEC081C9},741114,0,0
MU-2,https://handbook.dcoz.dc.gov/zones/mixed-use/MU-2/,"Official Digital Zoning Map of July 1, 2010",Final,MU-2,Permits medium density residential and non-residential buildings,Mixed-Use Zone,,D/SP-2,MU-2,{186743C3-8174-4806-B2C6-C644BC9FFF08},741115,0,0
MU-18,https://handbook.dcoz.dc.gov/zones/mixed-use/MU-18/,"Official Digital Zoning Map of July 1, 2010",Final,MU-18,"Permits medium density, compact mixed-use development with an emphasis on residential use",Mixed-Use Zone,,DC/C-2-B,MU-18,{1260FC4F-8076-4E1D-A7E6-5E4352EF7303},741116,0,0
MU-25,https://handbook.dcoz.dc.gov/zones/mixed-use/MU-25/,"Official Digital Zoning Map of July 1, 2010",Final,MU-25,Permits moderate density mixed-use development in the vicinity of the U.S. Capitol,Mixed-Use Zone,,CHC/C-2-A,MU-25,{58AFC426-BC51-4757-BD16-02D0BC0FA1FB},741117,0,0
MU-24,https://handbook.dcoz.dc.gov/zones/mixed-use/MU-24/,"Official Digital Zoning Map of July 1, 2010",Final,MU-24,Permits moderate density mixed-use development in the vicinity of the U.S. Capitol,Mixed-Use Zone,,CAP/C-2-A,MU-24,{10C03D9D-1419-437B-A114-5EB361F9BFEF},741118,0,0
MU-25,https://handbook.dcoz.dc.gov/zones/mixed-use/MU-25/,"Official Digital Zoning Map of July 1, 2010",Final,MU-25,Permits moderate density mixed-use development in the vicinity of the U.S. Capitol,Mixed-Use Zone,,CHC/C-2-A,MU-25,{CB439C07-3E3A-407C-B1F2-C47AD0A1C339},741119,0,0
CG-1,https://handbook.dcoz.dc.gov/zones/special-purpose-zones/capitol-gateway/cg-1/,"Official Digital Zoning Map of July 1, 2010",Final,CG-1,Permits high-density housing and appropriate renovation of or addition to the existing housing stock,Special Purpose Zone,,CG/R-5-E,CG-1,{7BF51A3C-7C6C-4D47-9FC8-9532BBC93928},741120,0,0
NC-7,https://handbook.dcoz.dc.gov/zones/neighborhood-mixed-use/nc-7/,"Miscellaneous Map correction in Square 2893, 3039 on March 22, 2012; Fixed zoning boundary in Square 3042 to match official zoning records on March 22, 2012; Zoning boundary fixed in Square 2893 to match official zoning records on Apr 20, 2012",Final,NC-7,Permits mixed-use development at a moderate density,Neighborhood Mixed-Use Zone,,GA/C-2-A,NC-7,{E6786413-D42E-4660-90E0-C6AA6EBD3497},741121,0,0
R-10,https://handbook.dcoz.dc.gov/zones/residential/R-10/,"Official Digital Zoning Map of July 1, 2010",Final,R-10,"Permits semi-detached houses on moderately sized lots, allows for areas of detached dwellings",Residential Zone,,FH-TSP/R-2,R-10,{1676387C-E420-4FBA-9A60-0A42ED498D60},741122,0,0
R-1-B,https://handbook.dcoz.dc.gov/zones/residential/R-1-B/,"Official Digital Zoning Map of July 1, 2010",Final,R-1-B,Provides areas predominantly developed with detached houses on moderately sized lots.,Residential Zone,,D/R-1-B,R-1-B,{A05B00EC-93D6-49B9-8F89-34EEB013D235},741123,0,0
MU-15,https://handbook.dcoz.dc.gov/zones/mixed-use/MU-15/,"Official Digital Zoning Map of July 1, 2010",Final,MU-15,Permits moderate density development with an emphasis on residential uses,Mixed-Use Zone,,DC/SP-1,MU-15,{52DB2399-9AB0-488F-853D-B10B0BFA12C5},741124,0,0
NC-1,https://handbook.dcoz.dc.gov/zones/neighborhood-mixed-use/nc-1/,"Official Digital Zoning Map of July 1, 2010",Final,NC-1,Permits low density mixed use development ,Neighborhood Mixed-Use Zone,,MW/C-1,NC-1,{0237D0F5-6E68-478F-9762-80324307EB92},741125,0,0
RC-2,https://handbook.dcoz.dc.gov/zones/special-purpose-zones/reed-cooke/rc-2/,"Official Digital Zoning Map of July 1, 2010",Final,RC-2,Permits moderate density mixed-use development at a limited height with an emphasis on housing,Special Purpose Zone,,RC/C-2-A,RC-2,{5D1CAC0F-8AAF-4DC1-B8D0-453FAF45EA82},741126,0,0
RC-2,https://handbook.dcoz.dc.gov/zones/special-purpose-zones/reed-cooke/rc-2/,"Official Digital Zoning Map of July 1, 2010",Final,RC-2,Permits moderate density mixed-use development at a limited height with an emphasis on housing,Special Purpose Zone,,RC/C-2-A,RC-2,{F3387BA6-DDA6-4D61-86BC-559B736BF449},741127,0,0
PDR-1,https://handbook.dcoz.dc.gov/zones/production-distribution-and-repair/pdr-1/,"Misc map corrections in Square 4347 on March 27, 2012",Final,PDR-1,"Permits moderate density commercial and production, distribution, and repair activities requiring some heavy machinery","Production, Distribution, and Repair Zone",,LO/C-M-1,PDR-1,{F269AA05-E0FA-4970-939E-09DABC71BDEF},741128,0,0
R-1-B,https://handbook.dcoz.dc.gov/zones/residential/R-1-B/,"Fixed mapping error to in Square 1964 on March 16, 2012 to match DCGIS Baist Map",Final,R-1-B,Provides areas predominantly developed with detached houses on moderately sized lots.,Residential Zone,,D/R-1-B,R-1-B,{DD1683AE-A4DF-4369-82B5-5E9EFA88210D},741129,0,0
MU-16,https://handbook.dcoz.dc.gov/zones/mixed-use/MU-16/,"Fixed Mapping Error on March 2, 2012 between lots 20 and 111 in Square 0157",Final,MU-16,Permits medium density development with an emphasis on residential uses,Mixed-Use Zone,,DC/SP-2,MU-16,{BF3E0048-8356-4430-9607-5BAF53D762B3},741130,0,0
MU-21,https://handbook.dcoz.dc.gov/zones/mixed-use/MU-21/,"Official Digital Zoning Map of July 1, 2010",Final,MU-21,Permits high density mixed-use development with an emphasis on employment,Mixed-Use Zone,,DC/C-3-C,MU-21,{644BCAC2-D352-4441-9C4A-A11BF2BEB269},741131,0,0
RC-3,https://handbook.dcoz.dc.gov/zones/special-purpose-zones/reed-cooke/rc-3/,"Official Digital Zoning Map of July 1, 2010",Final,RC-3,"Permits medium density, compact mixed use development with an emphasis on residential development",Special Purpose Zone,,RC/C-2-B,RC-3,{268704F5-0818-4E75-B7A5-AF27C0287FE0},741132,0,0
RC-3,https://handbook.dcoz.dc.gov/zones/special-purpose-zones/reed-cooke/rc-3/,"Official Digital Zoning Map of July 1, 2010",Final,RC-3,"Permits medium density, compact mixed use development with an emphasis on residential development",Special Purpose Zone,,RC/C-2-B,RC-3,{D37ADAD2-0EA9-45A6-BF5D-B2FD3005B6E4},741133,0,0
MU-17,https://handbook.dcoz.dc.gov/zones/mixed-use/MU-17/,"Official Digital Zoning Map of July 1, 2010",Final,MU-17,Permits moderate density mixed use development,Mixed-Use Zone,,DC/C-2-A,MU-17,{D8CA4203-53ED-477E-8478-B842B664D1E3},741134,0,0
RA-10,https://handbook.dcoz.dc.gov/zones/residential-apartment/RA-10/,"Fixed Mapping Error on March 2, 2012 between lots 20 and 111 in Square 0157",Final,RA-10,Permits high-density apartments in Dupont Circle,Residential Apartment Zone,,DC/R-5-E,RA-10,{EFBCFDB8-EDEC-421B-9639-93FD93F837E6},741135,0,0
RA-9,https://handbook.dcoz.dc.gov/zones/residential-apartment/RA-9/,Changed to R-5-D/DC (RA-9 in ZR16) from R-5-E/DC (RA-10) due to lack of evidence for initial change to R5E (02/26/2020),Final,RA-9,Permits high-density apartments in Dupont Circle,Residential Apartment Zone,,DC/R-5-D,RA-9,{5A976E07-609E-4C96-A1A7-216571F1FEAA},741136,0,0
MU-20,https://handbook.dcoz.dc.gov/zones/mixed-use/MU-20/,"Correction made on Feb 29, 2012 for a wrongly drawn segment in Square 92 Parcel 64",Final,MU-20,Permits medium density mixed-use development with an emphasis on employment,Mixed-Use Zone,,DC/C-3-B,MU-20,{19A21467-F92F-4150-A461-4202E10964D9},741137,0,0
RC-3,https://handbook.dcoz.dc.gov/zones/special-purpose-zones/reed-cooke/rc-3/,"Official Digital Zoning Map of July 1, 2010",Final,RC-3,"Permits medium density, compact mixed use development with an emphasis on residential development",Special Purpose Zone,,RC/C-2-B,RC-3,{E37E1816-165D-420C-BCDA-D2B2934C7F71},741138,0,0
RC-1,https://handbook.dcoz.dc.gov/zones/special-purpose-zones/reed-cooke/rc-1/,"Official Digital Zoning Map of July 1, 2010",Final,RC-1,Permits moderate and medium-density rowhouses and apartments,Special Purpose Zone,,RC/R-5-B,RC-1,{B6BEB0E9-47EE-44B9-BBC8-10FCFC70D98C},741139,0,0
RC-1,https://handbook.dcoz.dc.gov/zones/special-purpose-zones/reed-cooke/rc-1/,"Official Digital Zoning Map of July 1, 2010",Final,RC-1,Permits moderate and medium-density rowhouses and apartments,Special Purpose Zone,,RC/R-5-B,RC-1,{87F194A3-56A2-43F9-A2F8-3A5A8381EB95},741140,0,0
RC-3,https://handbook.dcoz.dc.gov/zones/special-purpose-zones/reed-cooke/rc-3/,"Official Digital Zoning Map of July 1, 2010",Final,RC-3,"Permits medium density, compact mixed use development with an emphasis on residential development",Special Purpose Zone,,RC/C-2-B,RC-3,{C973C57B-9F78-4953-8E6A-14D86FB7D222},741141,0,0
MU-24,https://handbook.dcoz.dc.gov/zones/mixed-use/MU-24/,"Official Digital Zoning Map of July 1, 2010",Final,MU-24,Permits moderate density mixed-use development in the vicinity of the U.S. Capitol,Mixed-Use Zone,,CAP/C-2-A,MU-24,{72489653-751E-47EE-A037-63B5653C86BC},741142,0,0
MU-24,https://handbook.dcoz.dc.gov/zones/mixed-use/MU-24/,"Official Digital Zoning Map of July 1, 2010",Final,MU-24,Permits moderate density mixed-use development in the vicinity of the U.S. Capitol,Mixed-Use Zone,,CAP/C-2-A,MU-24,{57334A13-7B2C-4370-845E-289F361CB2BA},741143,0,0
MU-24,https://handbook.dcoz.dc.gov/zones/mixed-use/MU-24/,"Official Digital Zoning Map of July 1, 2010",Final,MU-24,Permits moderate density mixed-use development in the vicinity of the U.S. Capitol,Mixed-Use Zone,,CAP/C-2-A,MU-24,{CF7BE1F2-5144-43B6-8C18-7F50DC79A62E},741144,0,0
RA-7,https://handbook.dcoz.dc.gov/zones/residential-apartment/RA-7/,"Official Digital Zoning Map of July 1, 2010",Final,RA-7,Permits moderate and medium-density rowhouses and apartments in the vicinity of the U.S. Capitol.,Residential Apartment Zone,,CAP/R-5-B,RA-7,{E6294E2A-0FE5-47F3-8BDF-BF1DD92BDA4D},741145,0,0
R-9,https://handbook.dcoz.dc.gov/zones/residential/R-9/,"Official Digital Zoning Map of July 1, 2010",Final,R-9,Permits detached houses on moderately-sized lots,Residential Zone,,FH-TSP/R-1-B,R-9,{A51AF6C8-1011-4E8F-A90A-5070C2A67616},741146,0,0
MU-16,https://handbook.dcoz.dc.gov/zones/mixed-use/MU-16/,"Official Digital Zoning Map of July 1, 2010",Final,MU-16,Permits medium density development with an emphasis on residential uses,Mixed-Use Zone,,DC/SP-2,MU-16,{4ECEB334-356A-41E7-822F-F3998C31E04F},741147,0,0
D-4-R,https://handbook.dcoz.dc.gov/zones/downtown/d-4-r/,"Fixed zoning boundary in Square 0371 to match official zoning records on March 21, 2012",Final,D-4-R,Permits high-density mixed use development with an emphasis on residential uses,Downtown Zone,,DD/C-2-C,D-4-R,{F81E7FF9-572F-456F-ADA0-CB711990A596},741148,0,0
RC-1,https://handbook.dcoz.dc.gov/zones/special-purpose-zones/reed-cooke/rc-1/,"Official Digital Zoning Map of July 1, 2010",Final,RC-1,Permits moderate and medium-density rowhouses and apartments,Special Purpose Zone,,RC/R-5-B,RC-1,{B6B9C529-5338-4539-9C7A-6F5BC20C9B4B},741149,0,0
R-1-A,https://handbook.dcoz.dc.gov/zones/residential/R-1-A/,"Official Digital Zoning Map of July 1, 2010",Final,R-1-A,Provides areas predominantly developed with detached houses on large lots.,Residential Zone,,D/R-1-A,R-1-A,{F5935823-3AA3-45E1-824A-72F1C52E400D},741150,0,0
MU-19,https://handbook.dcoz.dc.gov/zones/mixed-use/MU-19/,"Official Digital Zoning Map of July 1, 2010",Final,MU-19,Permits medium density mixed-use development with an emphasis on residential use,Mixed-Use Zone,,DC/C-2-C,MU-19,{54AD39E5-DACC-42E5-A7E6-6AE4C55DB0C1},741151,0,0
MU-17,https://handbook.dcoz.dc.gov/zones/mixed-use/MU-17/,"Official Digital Zoning Map of July 1, 2010",Final,MU-17,Permits moderate density mixed use development,Mixed-Use Zone,,DC/C-2-A,MU-17,{7161458A-5323-4C8E-9C65-420D244CF5C9},741152,0,0
RA-8,https://handbook.dcoz.dc.gov/zones/residential-apartment/RA-8/,"Official Digital Zoning Map of July 1, 2010",Final,RA-8,Permits moderate to high-density rowhouses and apartments in Dupont Circle,Residential Apartment Zone,,DC/R-5-B,RA-8,{5686F63A-B5C3-4AE0-80D8-A9EDD6FAB11D},741153,0,0
MU-18,https://handbook.dcoz.dc.gov/zones/mixed-use/MU-18/,"Official Digital Zoning Map of July 1, 2010",Final,MU-18,"Permits medium density, compact mixed-use development with an emphasis on residential use",Mixed-Use Zone,,D/DC/C-2-B,MU-18,{2113FC83-3A51-4168-A4CB-08415E1614BA},741154,0,0
D-3,https://handbook.dcoz.dc.gov/zones/downtown/d-3/,"Official Digital Zoning Map of July 1, 2010",Final,D-3,Permits high-density development of commercial and mixed uses,Downtown Zone,,C-3-C,D-3,{870D19C7-F4C7-42FA-AB62-F980E96AE2F7},741155,0,0
D-5,https://handbook.dcoz.dc.gov/zones/downtown/d-5/,"Misc map correction in Square 0577 on April 12, 2012; Fixed zoning boundary in Squares 0742, 0769, 0800 on April 24, 2012 based on order no 971",Final,D-5,Promotes high-density development of commercial and mixed-uses in areas that had been receiving areas for transferable development rights under Chapter 17 of the 1958 Zoning Regulations,Downtown Zone,,C-3-C,D-5,{DA1DEBB0-5583-4866-88C9-5B767CBA99F6},741156,0,0
RA-4,https://handbook.dcoz.dc.gov/zones/residential-apartment/RA-4/,Changed Zoning Boundary to run along the center line of the alley in Square 0152 between lots 196 and 186,Final,RA-4,Permits medium to high-desnity apartments,Residential Apartment Zone,,R-5-D,RA-4,{9EF95B1F-F1EA-4444-B00E-3606A47FFE6F},741157,0,0
USN,https://handbook.dcoz.dc.gov/zones/special-purpose-zones/union-station-north/usn/,Map Correction per official Zoning Map of 1958 ,Final,USN,Supports the Development of the Union Station North Comprehensive Plan,Special Purpose Zone,,C-M-3,USN,{402D376C-E406-4B21-AA22-120AAF412A8D},741158,0,0
USN,https://handbook.dcoz.dc.gov/zones/special-purpose-zones/union-station-north/usn/,Map Correction per official Zoning Map of 1958 ,Final,USN,Supports the Development of the Union Station North Comprehensive Plan,Special Purpose Zone,,C-M-3,USN,{DC6AC66D-C891-4F12-9419-36D684836BF1},741159,0,0
D-5,https://handbook.dcoz.dc.gov/zones/downtown/d-5/,Map correction per Zoning Commission Order #821,Final,D-5,Promotes high-density development of commercial and mixed-uses in areas that had been receiving areas for transferable development rights under Chapter 17 of the 1958 Zoning Regulations,Downtown Zone,,C-3-C,D-5,{2731AE4F-663B-46D9-A7F9-16467E7A4A5A},741160,0,0
RA-8,https://handbook.dcoz.dc.gov/zones/residential-apartment/RA-8/,"Official Digital Zoning Map of July 1, 2010",Final,RA-8,Permits moderate to high-density rowhouses and apartments in Dupont Circle,Residential Apartment Zone,,DC/R-5-B,RA-8,{B1348273-6587-4A58-B611-27EF5C11318C},741161,0,0
RA-10,https://handbook.dcoz.dc.gov/zones/residential-apartment/RA-10/,"Official Digital Zoning Map of July 1, 2010",Final,RA-10,Permits high-density apartments in Dupont Circle,Residential Apartment Zone,,DC/R-5-E,RA-10,{2D7C8102-9591-46F4-B655-F6DC092C8C2C},741162,0,0
MU-16,https://handbook.dcoz.dc.gov/zones/mixed-use/MU-16/,"Official Digital Zoning Map of July 1, 2010",Final,MU-16,Permits medium density development with an emphasis on residential uses,Mixed-Use Zone,,DC/SP-2,MU-16,{F4C14642-F2E0-40BE-8346-CA54E9ACBA4A},741163,0,0
RA-8,https://handbook.dcoz.dc.gov/zones/residential-apartment/RA-8/,"Official Digital Zoning Map of July 1, 2010",Final,RA-8,Permits moderate to high-density rowhouses and apartments in Dupont Circle,Residential Apartment Zone,,DC/R-5-B,RA-8,{E7D052DB-686D-4997-9ACB-FFFBF96EE472},741164,0,0
RA-10,https://handbook.dcoz.dc.gov/zones/residential-apartment/RA-10/,"Official Digital Zoning Map of July 1, 2010",Final,RA-10,Permits high-density apartments in Dupont Circle,Residential Apartment Zone,,DC/R-5-E,RA-10,{BA86D33F-E33B-4204-B4FA-C9A49893A6EB},741165,0,0
MU-24,https://handbook.dcoz.dc.gov/zones/mixed-use/MU-24/,"Official Digital Zoning Map of July 1, 2010",Final,MU-24,Permits moderate density mixed-use development in the vicinity of the U.S. Capitol,Mixed-Use Zone,,CAP/C-2-A,MU-24,{44C67069-B8F4-49FF-BB0C-8A729DD5566F},741166,0,0
NC-4,https://handbook.dcoz.dc.gov/zones/neighborhood-mixed-use/nc-4/,"Official Digital Zoning Map of July 1, 2010",Final,NC-4,Permits mixed-use development at a moderate density,Neighborhood Mixed-Use Zone,,WP/C-2-A,NC-4,{B9DA1DD0-5D35-4989-9F6A-D1AADE9A8660},741167,0,0
CG-6,https://handbook.dcoz.dc.gov/zones/special-purpose-zones/capitol-gateway/cg-6/,"Official Digital Zoning Map of July 1, 2010",Final,CG-6,Mapped on lands occupied by Fort McNair Naval Facility,Special Purpose Zone,,CG/W-1,CG-6,{78423334-4A7E-45CA-8376-F41056BDB3B6},741168,0,0
RA-7,https://handbook.dcoz.dc.gov/zones/residential-apartment/RA-7/,"Official Digital Zoning Map of July 1, 2010",Final,RA-7,Permits moderate and medium-density rowhouses and apartments in the vicinity of the U.S. Capitol.,Residential Apartment Zone,,CAP/R-5-B,RA-7,{F22860EE-E1BC-4960-974B-A5ED1D233826},741169,0,0
NC-4,https://handbook.dcoz.dc.gov/zones/neighborhood-mixed-use/nc-4/,"Official Digital Zoning Map of July 1, 2010",Final,NC-4,Permits mixed-use development at a moderate density,Neighborhood Mixed-Use Zone,,WP/C-2-A,NC-4,{713A22A9-B196-4E33-8147-DEAD5F940FA4},741170,0,0
RF-3,https://handbook.dcoz.dc.gov/zones/residential-flat/RF-3/,"Official Digital Zoning Map of July 1, 2010",Final,RF-3,Provide for areas adjacent to the US Capitol precint predominantly developed with attached houses on small lots,Residential Flat Zone,,CAP/R-4,RF-3,{FCBE282A-7E91-46E4-8F93-4963F9391273},741171,0,0
MU-23,https://handbook.dcoz.dc.gov/zones/mixed-use/MU-23/,"Official Digital Zoning Map of July 1, 2010",Final,MU-23,Permits medium density areas with an emphasis on residential use in the vicinity of the U.S. Capitol,Mixed-Use Zone,,CAP/SP-2,MU-23,{92405740-A0EB-401E-9EF8-7325F4A6FD6F},741172,0,0
NC-6,https://handbook.dcoz.dc.gov/zones/neighborhood-mixed-use/nc-6/,"Official Digital Zoning Map of July 1, 2010",Final,NC-6,Permits mixed-use development at a medium density,Neighborhood Mixed-Use Zone,,ES/C-3-A,NC-6,{DB7412CC-6914-47FE-B5FF-541E81478D9F},741173,0,0
MU-24,https://handbook.dcoz.dc.gov/zones/mixed-use/MU-24/,"Official Digital Zoning Map of July 1, 2010",Final,MU-24,Permits moderate density mixed-use development in the vicinity of the U.S. Capitol,Mixed-Use Zone,,CAP/C-2-A,MU-24,{33589FED-7142-4C41-A629-BF4BAC64DABB},741174,0,0
MU-29,https://handbook.dcoz.dc.gov/zones/mixed-use/MU-29/,"Official Digital Zoning Map of July 1, 2010",Final,MU-29,Permits medium to high density development with a balance of uses,Mixed-Use Zone,,FT/CR,MU-29,{D3B011BA-0203-43D1-B59B-01B375F3BB52},741175,0,0
ARTS-2,https://handbook.dcoz.dc.gov/zones/special-purpose-zones/mixed-use-uptown-arts/arts-2/,"Official Digital Zoning Map of July 1, 2010",Final,ARTS-2,"Permits medium density, compact mixed use development with an emphasis on residential development",Special Purpose Zone,,ARTS/C-2-B,ARTS-2,{ED5C5FF3-B287-4F49-B694-BF679AEBB9A0},741176,0,0
PDR-7,https://handbook.dcoz.dc.gov/zones/production-distribution-and-repair/pdr-7/,"Official Digital Zoning Map of July 1, 2010",Final,PDR-7,"Permits high density commerical and PDR activities requiring some heavy machinery, minmizing non-industrial uses and protects views from Fort Totten","Production, Distribution, and Repair Zone",,FT/M,PDR-7,{C24AC3AA-0AC8-49B7-883F-C17BBDC2B057},741177,0,0
R-8,https://handbook.dcoz.dc.gov/zones/residential/R-8/,"Fixed error in Sq 2225 on 3/15/12; Fixed line to run on street centerline between Sq 2288, 2287, 2285, 2290, 2282 on 3/16/12; Expanded to Sq 2232 Lot 817 and Sq 2231 Lot 6 via case review (ZC 71-5 and 02-19) on 3/28/13",Final,R-8,Permits detached houses on large lots and protects quiet residential areas developed with detached dwellings,Residential Zone,,FH-TSP/R-1-A,R-8,{DF8DFA14-3F01-4BB6-BD6D-B5250422F6BD},741178,0,0
NC-10,https://handbook.dcoz.dc.gov/zones/neighborhood-mixed-use/nc-10/,"Official Digital Zoning Map of July 1, 2010",Final,NC-10,Permits mixed-use development at a moderate to medium density with an emphasis on residential uses,Neighborhood Mixed-Use Zone,,HS-H/C-2-B,NC-10,{A68472BA-F1CB-4156-8F52-5A5E34344DF7},741179,0,0
NC-17,https://handbook.dcoz.dc.gov/zones/neighborhood-mixed-use/nc-17/,"Official Digital Zoning Map of July 1, 2010",Final,NC-17,Permits mixed-use development at a moderate to medium density with an emphasis on retail uses,Neighborhood Mixed-Use Zone,,HS-R/C-2-B,NC-17,{A0B25F98-73B5-4B29-B368-212A6A078C24},741180,0,0
NC-16,https://handbook.dcoz.dc.gov/zones/neighborhood-mixed-use/nc-16/,"Official Digital Zoning Map of July 1, 2010",Final,NC-16,Permits mixed-use development at a moderate density with an emphasis on retail uses,Neighborhood Mixed-Use Zone,,HS-R/C-2-A,NC-16,{3FE427F0-E7EA-4E50-910C-3971442227EE},741181,0,0
NC-15,https://handbook.dcoz.dc.gov/zones/neighborhood-mixed-use/nc-15/,Made amedments to add lots based on ZC 10-19 effective 12/09/2011,Final,NC-15,Permits mixed-use development at a medium density with an emphasis on employment and arts-realted uses,Neighborhood Mixed-Use Zone,,HS-A/C-3-A,NC-15,{DA20671B-C086-4B44-9F73-E1279F4E2909},741182,0,0
NC-13,https://handbook.dcoz.dc.gov/zones/neighborhood-mixed-use/nc-13/,"Official Digital Zoning Map of July 1, 2010",Final,NC-13,Permits mixed-use development at a medium density with an emphasis on residential uses,Neighborhood Mixed-Use Zone,,HS-H/C-3-B,NC-13,{12E86B47-ACE1-4454-9963-7E40A0578CA8},741183,0,0
NC-12,https://handbook.dcoz.dc.gov/zones/neighborhood-mixed-use/nc-12/,"Official Digital Zoning Map of July 1, 2010",Final,NC-12,Permits mixed-use development at a medium density with an emphasis on residential uses,Neighborhood Mixed-Use Zone,,HS-H/C-3-A,NC-12,{9FF94816-DB41-4EE0-81DD-F1F56B181FC2},741184,0,0
NC-10,https://handbook.dcoz.dc.gov/zones/neighborhood-mixed-use/nc-10/,"Official Digital Zoning Map of July 1, 2010",Final,NC-10,Permits mixed-use development at a moderate to medium density with an emphasis on residential uses,Neighborhood Mixed-Use Zone,,HS-H/C-2-B,NC-10,{6719C9D5-CBDD-4795-B373-204EF8140DC5},741185,0,0
NC-11,https://handbook.dcoz.dc.gov/zones/neighborhood-mixed-use/nc-11/,"Official Digital Zoning Map of July 1, 2010",Final,NC-11,Permits mixed-use development at a medium density with an emphasis on residential uses,Neighborhood Mixed-Use Zone,,HS-H/C-2-C,NC-11,{177AC79B-BD29-4123-BEC4-58A77A28520B},741186,0,0
R-16,https://handbook.dcoz.dc.gov/zones/residential/R-16/,"Official Digital Zoning Map of July 1, 2010",Final,R-16,"Promotes the conservation, enhancement, and stability of the low-density, single household neighborhood for housing and neighborhood uses",Residential Zone,,SSH-1/R-1-B,R-16,{34FD634C-E758-4BCF-AA56-064F9B9C2F00},741187,0,0
NC-3,https://handbook.dcoz.dc.gov/zones/neighborhood-mixed-use/nc-3/,"Misc map corrections in Square 2069 on April 27, 2012",Final,NC-3,Permits mixed-use development at a moderate density,Neighborhood Mixed-Use Zone,,CP/C-2-A,NC-3,{E6567A16-D446-4A9E-A35A-A47B9A38AE42},741188,0,0
RA-9,https://handbook.dcoz.dc.gov/zones/residential-apartment/RA-9/,"Fixed Mapping Error on Zoning Boundary between Lots 6 & 40 in Square 0154 on March 2, 2012 ",Final,RA-9,Permits medium to high-desnity apartments in Dupont Circle,Residential Apartment Zone,,DC/R-5-D,RA-9,{3EFBF398-AA5D-4149-B663-8168990C9341},741189,0,0
UNZONED,https://handbook.dcoz.dc.gov/,"Official Digital Zoning Map of July 1, 2010",Final,UNZONED,,Unzoned,,DC/UNZONED,UNZONED,{CE85F53E-8AB4-4589-80CF-0D052BF8ED27},741190,0,0
MU-15,https://handbook.dcoz.dc.gov/zones/mixed-use/MU-15/,"Correction made on Feb 29, 2012 for a wrongly drawn segment in Square 66 Parcel 78",Final,MU-15,Permits moderate density development with an emphasis on residential uses,Mixed-Use Zone,,DC/SP-1,MU-15,{6129119D-036D-42D5-8479-38C4BA17C133},741191,0,0
RA-8,https://handbook.dcoz.dc.gov/zones/residential-apartment/RA-8/,"Correction made on Feb 29, 2012 to match DCGIS Baist Map. Correction 5/23/2022 to Sq. 23 and 35, RA-8 from UNZONED, per ZC 74-9 and 90-23",Final,RA-8,Permits moderate to high-density rowhouses and apartments in Dupont Circle,Residential Apartment Zone,,DC/R-5-B,RA-8,{2A22FB8C-2BC1-44E5-BEC9-56BE80DC91BE},741192,0,0
SEFC-4,https://handbook.dcoz.dc.gov/zones/special-purpose-zones/southeast-federal-center/sefc-4/,Zoning Boundaries Updated per Order 07-11,Final,SEFC-4,Secures a minimum of 5 acres for a public park along the Anacostia Riverwith a defined retail area,Special Purpose Zone,,SEFC/W-0,SEFC-4,{04330D08-75F5-4AAA-BB0D-292B903145A0},741193,0,0
NC-8,https://handbook.dcoz.dc.gov/zones/neighborhood-mixed-use/nc-8/,"Fixed zoning boundary in Square 3031 to match official zoning records on March 22, 2012",Final,NC-8,Permits mixed-use development with a focus on employment,Neighborhood Mixed-Use Zone,,GA/C-3-A,NC-8,{203C7CCC-F6B6-4FE8-AE2B-83C090ACB79B},741194,0,0
R-12,https://handbook.dcoz.dc.gov/zones/residential/R-12/,"Official Digital Zoning Map of July 1, 2010",Final,R-12,Permits detached houses on moderately-sized lots,Residential Zone,,NO/R-1-B,R-12,{28CE4029-6559-416D-AA2F-4BC8FD0137E2},741195,0,0
NC-2,https://handbook.dcoz.dc.gov/zones/neighborhood-mixed-use/nc-2/,"Fixed zoning boundary in Square 3187 to match DCGIS baist map on March 23, 2012",Final,NC-2,Permits moderate density mixed-use development,Neighborhood Mixed-Use Zone,,TK/C-2-A,NC-2,{FF034362-7F67-49AF-809B-D2F78C715170},741196,0,0
RF-3,https://handbook.dcoz.dc.gov/zones/residential-flat/RF-3/,"Official Digital Zoning Map of July 1, 2010",Final,RF-3,Provide for areas adjacent to the US Capitol precint predominantly developed with attached houses on small lots,Residential Flat Zone,,CAP/R-4,RF-3,{6E199701-9D75-4667-9CE5-EEF93E4E89AA},741197,0,0
ARTS-1,https://handbook.dcoz.dc.gov/zones/special-purpose-zones/mixed-use-uptown-arts/arts-1/,"Fixed Mapping error of order 632 - June 24, 2011",Final,ARTS-1,Permits moderate density mixed use development,Special Purpose Zone,,ARTS/C-2-A,ARTS-1,{B0802E94-E531-41E3-8861-F5739C90EF20},741198,0,0
ARTS-4,https://handbook.dcoz.dc.gov/zones/special-purpose-zones/mixed-use-uptown-arts/arts-4/,"Official Digital Zoning Map of July 1, 2010",Final,ARTS-4,Permits medium to high density mixed-use development with a balance of uses ,Special Purpose Zone,,ARTS/CR,ARTS-4,{BD4DDCBB-DA26-4F42-BBE2-908328805593},741199,0,0
RF-2,https://handbook.dcoz.dc.gov/zones/residential-flat/RF-2/,"Official Digital Zoning Map of July 1, 2010",Final,RF-2,Provide for areas proximate to Dupont Circle predominately developed with attached Row Houses,Residential Flat Zone,,DC/R-4,RF-2,{4CFACB5F-B8AB-4C44-B030-5932E387457A},741200,0,0
CG-5,https://handbook.dcoz.dc.gov/zones/special-purpose-zones/capitol-gateway/cg-5/,Order No 971,Final,CG-5,Permits medium density mixed-use development in the vicinity of the Anacostia River waterfront,Special Purpose Zone,,CG/W-2,CG-5,{A18CA4CB-D941-4647-9633-D3A9B9F09363},741201,0,0
ARTS-3,https://handbook.dcoz.dc.gov/zones/special-purpose-zones/mixed-use-uptown-arts/arts-3/,"Official Digital Zoning Map of July 1, 2010",Final,ARTS-3,Permits medium density mixed-use development with a focus on employment,Special Purpose Zone,,ARTS/C-3-A,ARTS-3,{62A30DE8-9D02-4629-A69F-44B90637F651},741202,0,0
CG-2,https://handbook.dcoz.dc.gov/zones/special-purpose-zones/capitol-gateway/cg-2/,"Official Digital Zoning Map of July 1, 2010",Final,CG-2,Permits medium-density mixed-use development with a focus on residential use,Special Purpose Zone,,CG/C-2-C,CG-2,{BC7173EE-E04D-4508-A0EA-4DB1826283E1},741203,0,0
RF-2,https://handbook.dcoz.dc.gov/zones/residential-flat/RF-2/,"Official Digital Zoning Map of July 1, 2010",Final,RF-2,Provide for areas proximate to Dupont Circle predominately developed with attached Row Houses,Residential Flat Zone,,DC/R-4,RF-2,{B7A15A7D-1293-49E6-8811-71D8C740369D},741204,0,0
RA-9,https://handbook.dcoz.dc.gov/zones/residential-apartment/RA-9/,"Official Digital Zoning Map of July 1, 2010",Final,RA-9,Permits medium to high-desnity apartments in Dupont Circle,Residential Apartment Zone,,DC/R-5-D,RA-9,{E57CD1AD-B051-47B4-AFA5-D82AA83B6222},741205,0,0
RA-8,https://handbook.dcoz.dc.gov/zones/residential-apartment/RA-8/,"Official Digital Zoning Map of July 1, 2010",Final,RA-8,Permits moderate to high-density rowhouses and apartments in Dupont Circle,Residential Apartment Zone,,DC/R-5-B,RA-8,{A6C361A3-B1AD-4190-BC44-5EADCB77D2A4},741206,0,0
ARTS-4,https://handbook.dcoz.dc.gov/zones/special-purpose-zones/mixed-use-uptown-arts/arts-4/,"Miscellaneous map correction in Square 0204 on March 21, 2012",Final,ARTS-4,Permits medium to high density mixed-use development with a balance of uses ,Special Purpose Zone,,ARTS/CR,ARTS-4,{822BF48C-6B63-43C4-8E86-6490DB025718},741207,0,0
ARTS-2,https://handbook.dcoz.dc.gov/zones/special-purpose-zones/mixed-use-uptown-arts/arts-2/,"Official Digital Zoning Map of July 1, 2010",Final,ARTS-2,"Permits medium density, compact mixed use development with an emphasis on residential development",Special Purpose Zone,,ARTS/C-2-B,ARTS-2,{5F859583-B63A-4FE7-96A1-18BBB07F2FEA},741208,0,0
SEFC-2,https://handbook.dcoz.dc.gov/zones/special-purpose-zones/southeast-federal-center/sefc-2/,Zoning Boundaries Updated per Order 07-11,Final,SEFC-2,Permits high density residential development with limited ground floor retail in the vicinity of the waterfront park open space area,Special Purpose Zone,,SEFC/R-5-E,SEFC-2,{62C7CD60-F0F0-4298-B96E-F2CF4D662739},741209,0,0
MU-22,https://handbook.dcoz.dc.gov/zones/mixed-use/MU-22/,"Correction made on Feb 29, 2012 to match DCGIS Baist Map",Final,MU-22,Permits medium to high density mixed-use development with a balance of uses ,Mixed-Use Zone,,DC/CR,MU-22,{EC0E7CB2-26C6-4EFF-A6A0-31912559FADC},741210,0,0
D-2,https://handbook.dcoz.dc.gov/zones/downtown/d-2/,"Official Digital Zoning Map of July 1, 2010",Final,D-2,Ensures development consistent with historic resources in the vicinity of Judiciary Square and the White House,Downtown Zone,,HR/SP-2,D-2,{F47ABA55-FA82-44BD-BC8D-E0498EDD9815},741211,0,0
MU-28,https://handbook.dcoz.dc.gov/zones/mixed-use/MU-28/,"Official Digital Zoning Map of July 1, 2010",Final,MU-28,Permits medium density mixed-use development with a focus on employment,Mixed-Use Zone,,FT/C-3-A,MU-28,{3FC9E678-AF17-4124-BEB7-EF042653CF25},741212,0,0
NC-7,https://handbook.dcoz.dc.gov/zones/neighborhood-mixed-use/nc-7/,"Miscellaneous map corrections in Square 2910 on March 22, 2012",Final,NC-7,Permits mixed-use development at a moderate density,Neighborhood Mixed-Use Zone,,GA/C-2-A,NC-7,{3282A29E-D1BC-4734-8710-BAC5E95BDED8},741213,0,0
R-17,https://handbook.dcoz.dc.gov/zones/residential/R-17/,"Official Digital Zoning Map of July 1, 2010",Final,R-17,Permits Single household attached rowhouses on small lot,Residential Zone,,FB/R-3,R-17,{87480036-7485-46A2-9A3A-EFF7654BEF00},741214,0,0
ARTS-1,https://handbook.dcoz.dc.gov/zones/special-purpose-zones/mixed-use-uptown-arts/arts-1/,"Official Digital Zoning Map of July 1, 2010",Final,ARTS-1,Permits moderate density mixed use development,Special Purpose Zone,,ARTS/C-2-A,ARTS-1,{27878C10-4E2B-4F3D-8D66-C1BDB2D591D3},741215,0,0
SEFC-3,https://handbook.dcoz.dc.gov/zones/special-purpose-zones/southeast-federal-center/sefc-3/,Zoning Boundaries Updated per Order 07-11,Final,SEFC-3,Permits medium density residential development with limited ground floor retail in the vicinity of the waterfront park open space area,Special Purpose Zone,,SEFC/R-5-D,SEFC-3,{00912F3E-0554-4614-8AF7-21509406CDD6},741216,0,0
NC-1,https://handbook.dcoz.dc.gov/zones/neighborhood-mixed-use/nc-1/,"Official Digital Zoning Map of July 1, 2010",Final,NC-1,Permits low density mixed use development ,Neighborhood Mixed-Use Zone,,WH/C-1,NC-1,{A6EBE8F1-F6D8-4DBB-B409-F4A1B2B85AEA},741217,0,0
R-15,https://handbook.dcoz.dc.gov/zones/residential/R-15/,"Official Digital Zoning Map of July 1, 2010",Final,R-15,Permits detached houses on moderately-sized lots,Residential Zone,,WH/R-1-B,R-15,{808AA473-6408-487C-9969-6A26D7954B8D},741218,0,0
MU-17,https://handbook.dcoz.dc.gov/zones/mixed-use/MU-17/,"Official Digital Zoning Map of July 1, 2010",Final,MU-17,Permits moderate density mixed use development,Mixed-Use Zone,,DC/C-2-A,MU-17,{41AA5773-74CE-4618-8579-D60BE5062AE9},741219,0,0
RA-10,https://handbook.dcoz.dc.gov/zones/residential-apartment/RA-10/,"Official Digital Zoning Map of July 1, 2010",Final,RA-10,Permits high-density apartments in Dupont Circle,Residential Apartment Zone,,DC/R-5-E,RA-10,{A7C682EA-1076-4D20-8052-D5AAD02D759C},741220,0,0
R-1-A,https://handbook.dcoz.dc.gov/zones/residential/R-1-A/,"Official Digital Zoning Map of July 1, 2010",Final,R-1-A,Provides areas predominantly developed with detached houses on large lots.,Residential Zone,,D/R-1-A,R-1-A,{B10D69EA-25F8-431D-8CFA-B38DA91BC3F9},741221,0,0
R-6,https://handbook.dcoz.dc.gov/zones/residential/R-6/,"Official Digital Zoning Map of July 1, 2010",Final,R-6,Permits detached houses on large lots and protects quiet residential areas developed with detached dwellings,Residential Zone,,TSP/R-1-A,R-6,{BD0733F6-AAC3-441E-A133-5A96CF5719D5},741222,0,0
PDR-6,https://handbook.dcoz.dc.gov/zones/production-distribution-and-repair/pdr-6/,"Official Digital Zoning Map of July 1, 2010",Final,PDR-6,"Permits moderate density commercial and production, distribution, and repair activities requiring some heavy machinery","Production, Distribution, and Repair Zone",,FT/C-M-1,PDR-6,{B3B037CC-00EA-4D4F-9744-AF4D9E716D3D},741223,0,0
PDR-5,https://handbook.dcoz.dc.gov/zones/production-distribution-and-repair/pdr-5/,"Official Digital Zoning Map of July 1, 2010",Final,PDR-5,"Permits moderate commercial and production, distribution, and repair activities requiring some heavy machinery in the vicinity of the US Capitol","Production, Distribution, and Repair Zone",,CAP/C-M-1,PDR-5,{0DC9F3BF-3B4F-4D75-9273-F42519127423},741224,0,0
CG-4,https://handbook.dcoz.dc.gov/zones/special-purpose-zones/capitol-gateway/cg-4/,Order No 971,Final,CG-4,Permits high-density mixed use development with a balance of uses,Special Purpose Zone,,CG/CR,CG-4,{58880312-A258-453B-8E5F-415A8F80F1FE},741225,0,0
CG-7,https://handbook.dcoz.dc.gov/zones/special-purpose-zones/capitol-gateway/cg-7/,"Official Digital Zoning Map of July 1, 2010",Final,CG-7,Mapped on lands occupied by Fort McNair Naval Facility,Special Purpose Zone,,CG/W-3,CG-7,{2CED74BB-417C-4278-9A44-2AD654FED89A},741226,0,0
R-21,https://handbook.dcoz.dc.gov/zones/residential/R-21/,"Misc map corrections in Square 1427 & 1521 on April 17, 2012",Final,R-21,Provide for areas predominantly developed with detached houses on large lots,Residential Zone,,CBUT/R-1-A,R-21,{FD80ADBF-3F2D-428D-9923-6B63F0F5FF8A},741227,0,0
NC-5,https://handbook.dcoz.dc.gov/zones/neighborhood-mixed-use/nc-5/,"Official Digital Zoning Map of July 1, 2010",Final,NC-5,Permits compact mixed-use development at a medium density with an emphasis on residential uses,Neighborhood Mixed-Use Zone,,WP/C-2-B,NC-5,{E4219C72-3E4C-448F-A072-4FBD2FD31CD8},741228,0,0
R-2,https://handbook.dcoz.dc.gov/zones/residential/R-2/,"Fixed Zoning boundary in Square 3368 to match official zoning records on April 19, 2012",Final,R-2,Provide areas predominantly developed with semi-detached houses on moderately-sized lots that also contain some detached dwellings,Residential Zone,,R-2,R-2,{C2F47CB9-DE14-4AEC-BE59-E46A89CE950C},741229,0,0
R-2,https://handbook.dcoz.dc.gov/zones/residential/R-2/,"Fixed Zoning boundary in Square 3368 to match official zoning records on April 19, 2012",Final,R-2,Provide areas predominantly developed with semi-detached houses on moderately-sized lots that also contain some detached dwellings,Residential Zone,,R-2,R-2,{D1AA3D42-F48E-4AB5-A6E2-CCDD0399E755},741230,0,0
R-2,https://handbook.dcoz.dc.gov/zones/residential/R-2/,"Fixed Zoning boundary in Square 3368 to match official zoning records on April 19, 2012",Final,R-2,Provide areas predominantly developed with semi-detached houses on moderately-sized lots that also contain some detached dwellings,Residential Zone,,R-2,R-2,{92D51894-35B6-496E-94B0-2BB8B59FDF0C},741231,0,0
R-2,https://handbook.dcoz.dc.gov/zones/residential/R-2/,"Fixed Zoning boundary in Square 3368 to match official zoning records on April 19, 2012",Final,R-2,Provide areas predominantly developed with semi-detached houses on moderately-sized lots that also contain some detached dwellings,Residential Zone,,R-2,R-2,{762C739E-07E9-4F64-AF29-1CC2504D3F2F},741232,0,0
R-2,https://handbook.dcoz.dc.gov/zones/residential/R-2/,"Fixed Zoning boundary in Square 3368 to match official zoning records on April 19, 2012",Final,R-2,Provide areas predominantly developed with semi-detached houses on moderately-sized lots that also contain some detached dwellings,Residential Zone,,R-2,R-2,{00FAB984-008B-4CA8-A141-D9DA91B07A25},741233,0,0
R-2,https://handbook.dcoz.dc.gov/zones/residential/R-2/,"Fixed Zoning boundary in Square 3368 to match official zoning records on April 19, 2012",Final,R-2,Provide areas predominantly developed with semi-detached houses on moderately-sized lots that also contain some detached dwellings,Residential Zone,,R-2,R-2,{D37B40FC-BB5E-4435-86BA-9E5DB5316CAA},741234,0,0
R-2,https://handbook.dcoz.dc.gov/zones/residential/R-2/,"Fixed Zoning boundary in Square 3368 to match official zoning records on April 19, 2012",Final,R-2,Provide areas predominantly developed with semi-detached houses on moderately-sized lots that also contain some detached dwellings,Residential Zone,,R-2,R-2,{0A1D6A43-560B-497C-9696-17D57CD98C42},741235,0,0
R-2,https://handbook.dcoz.dc.gov/zones/residential/R-2/,"Fixed Zoning boundary in Square 3368 to match official zoning records on April 19, 2012",Final,R-2,Provide areas predominantly developed with semi-detached houses on moderately-sized lots that also contain some detached dwellings,Residential Zone,,R-2,R-2,{0C9FAE3E-E9C0-492E-9745-4CA427501CBE},741236,0,0
NC-9,https://handbook.dcoz.dc.gov/zones/neighborhood-mixed-use/nc-9/,"Official Digital Zoning Map of July 1, 2010",Final,NC-9,Permits mixed-use development at a moderate density with an emphasis on residential uses,Neighborhood Mixed-Use Zone,,HS-H/C-2-A,NC-9,{CCE31510-2B6B-49DE-A466-2C29C415C02C},741237,0,0
R-13,https://handbook.dcoz.dc.gov/zones/residential/R-13/,"Fixed Zoning Error to Case No. 87-34, 04/01/2011; Fixed mapping error in Square 1300 on April 20, 2012",Final,R-13,"Permits single household attached rowhouses on small lots, mingled with detached and semi-detached houses",Residential Zone,,NO/R-3,R-13,{D18A14C1-B4A5-435E-96B6-2356EED5DF5A},741238,0,0
R-13,https://handbook.dcoz.dc.gov/zones/residential/R-13/,"Fixed Zoning Error to Case No. 87-34, 04/01/2011",Final,R-13,"Permits single household attached rowhouses on small lots, mingled with detached and semi-detached houses",Residential Zone,,NO/R-3,R-13,{4A501071-9CAD-4BA7-9445-05C4946BC1E7},741239,0,0
NC-14,https://handbook.dcoz.dc.gov/zones/neighborhood-mixed-use/nc-14/,ZC 10-19 effective 12/09/2011,Final,NC-14,Permits mixed-use development at a moderate density with an emphasis on arts and arts-related uses,Neighborhood Mixed-Use Zone,,HS-A/C-2-A,NC-14,{113F9B6B-2707-4295-AFC4-7046D6C56CDB},741240,0,0
R-14,https://handbook.dcoz.dc.gov/zones/residential/R-14/,"Fixed Zoning Boundary to match DCGIS Baist Map on March 14, 2012",Final,R-14,Permits detached houses on large lots,Residential Zone,,WH/R-1-A,R-14,{B7DEF578-CAA0-4D02-ADBB-B1062424D7FD},741241,0,0
D-6,https://handbook.dcoz.dc.gov/zones/downtown/d-6/,Created by ZC # 12-07 on 2/20/2013,Final,D-6,Permits high-density commercial and residential development,Downtown Zone,,DD/C-4,D-6,{C28BC33A-DBBF-45E9-B8D3-C6D848134919},741242,0,0
ARTS-3,https://handbook.dcoz.dc.gov/zones/special-purpose-zones/mixed-use-uptown-arts/arts-3/,Fixed Topology Error 11/18/13,Final,ARTS-3,Permits medium density mixed-use development with a focus on employment,Special Purpose Zone,,ARTS/C-3-A,ARTS-3,{E2D751AC-78A6-475D-9F40-CB1A83E7B6D6},741243,0,0
UNZONED,https://handbook.dcoz.dc.gov/,"Fixed Topology Errors 11/05/13, Fixed Error Baist Book - Sq 1194 and Sq  1214, 7/8/14",Final,UNZONED,,Unzoned,,UNZONED,UNZONED,{44215A29-7ABD-40BA-8BDB-5FC5B91E1625},741244,0,0
UNZONED,https://handbook.dcoz.dc.gov/,"Fixed Topology Errors 11/05/13, Fixed Error Baist Book - Sq 1194 and Sq  1214, 7/8/14",Final,UNZONED,,Unzoned,,UNZONED,UNZONED,{4796A7C1-F728-41C9-A09D-0959D99FD58C},741245,0,0
UNZONED,https://handbook.dcoz.dc.gov/,"Fixed Topology Errors 11/05/13, Fixed Error Baist Book - Sq 1194 and Sq  1214, 7/8/14",Final,UNZONED,,Unzoned,,UNZONED,UNZONED,{7740DD3B-53C0-4895-8D85-334BE5D63641},741246,0,0
D-4,https://handbook.dcoz.dc.gov/zones/downtown/d-4/,"Official Digital Zoning Map of July 1, 2010",Final,D-4,Permits high-density development of commercial and mixed uses,Downtown Zone,,HR/C-3-C,D-4,{9D7CB2F9-B1BC-4986-B491-9EFD1730AE36},741247,0,0
D-4,https://handbook.dcoz.dc.gov/zones/downtown/d-4/,"Official Digital Zoning Map of July 1, 2010",Final,D-4,Permits high-density development of commercial and mixed uses,Downtown Zone,,HR/C-3-C,D-4,{0063E7DB-9024-4543-A532-13835429BFC6},741248,0,0
D-3,https://handbook.dcoz.dc.gov/zones/downtown/d-3/,"Official Digital Zoning Map of July 1, 2010",Final,D-3,Permits high-density development of commercial and mixed uses,Downtown Zone,,C-3-C,D-3,{1E61A307-A6CA-4BCE-ACFB-CAD49C6BDC3E},741249,0,0
D-5-R,https://handbook.dcoz.dc.gov/zones/downtown/d-5-r/,"Fixed zoning boundary in Square 0371 to match official zoning records on March 21, 2012",Final,D-5-R,Permits high density commercial and mixed use development through requirements and incentives for residential use,Downtown Zone,,DD/C-3-C,D-5-R,{4B379D5E-0C24-4670-B4BA-B2656C98A97E},741250,0,0
D-4-R,https://handbook.dcoz.dc.gov/zones/downtown/d-4-r/,"Official Digital Zoning Map of July 1, 2010",Final,D-4-R,Permits high-density mixed use development with an emphasis on residential uses,Downtown Zone,,DD/C-2-C,D-4-R,{46B3704B-BADE-4C21-BEED-2064DC9F57EE},741251,0,0
D-5,https://handbook.dcoz.dc.gov/zones/downtown/d-5/,"Official Digital Zoning Map of July 1, 2010",Final,D-5,Promotes high-density development of commercial and mixed-uses in areas that had been receiving areas for transferable development rights under Chapter 17 of the 1958 Zoning Regulations,Downtown Zone,,DC/C-3-C,D-5,{C91E76D1-DFE2-472F-A3AF-DAE62FF13FD1},741252,0,0
D-1-R,https://handbook.dcoz.dc.gov/zones/downtown/d-1-r/,"Official Digital Zoning Map of July 1, 2010",Final,D-1-R,Permits high density housing with a limited amount of commercial uses permitted on only the ground floor,Downtown Zone,,DD/R-5-E,D-1-R,{8D12F2AF-8AB1-49AE-8454-427EBCD800A0},741253,0,0
D-1-R,https://handbook.dcoz.dc.gov/zones/downtown/d-1-r/,"Official Digital Zoning Map of July 1, 2010",Final,D-1-R,Permits high density housing with a limited amount of commercial uses permitted on only the ground floor,Downtown Zone,,DD/R-5-E,D-1-R,{BAFF3335-B8CD-437A-A155-79CC1BC71DE5},741254,0,0
D-4-R,https://handbook.dcoz.dc.gov/zones/downtown/d-4-r/,"Official Digital Zoning Map of July 1, 2010",Final,D-4-R,Permits high-density mixed use development with an emphasis on residential uses,Downtown Zone,,DD/C-2-C,D-4-R,{58662C8C-0E68-4A02-9CFE-84024932486E},741255,0,0
D-4-R,https://handbook.dcoz.dc.gov/zones/downtown/d-4-r/,"Fixed zoning boundary in Square 0371 to match official zoning records on March 21, 2012",Final,D-4-R,Permits high-density mixed use development with an emphasis on residential uses,Downtown Zone,,DD/C-2-C,D-4-R,{1988DCD5-DD85-442C-89D6-8AEE4FC1293D},741256,0,0
R-11,https://handbook.dcoz.dc.gov/zones/residential/R-11/,"Official Digital Zoning Map of July 1, 2010",Final,R-11,Permits detached houses on large lots,Residential Zone,,NO/TSP/R-1-A,R-11,{EAAF0F13-578A-4D0B-95A5-1D94936F3F99},741257,0,0
MU-7B,https://handbook.dcoz.dc.gov/zones/mixed-use/MU-7/,"Official Digital Zoning Map of July 1, 2010; ZC 21-08 renamed zone from MU-7 to MU-7B",Final,MU-7B,Permits medium density mixed-use development,Mixed-Use Zone,,DD/C-3-A,MU-7B,{4D658AAB-E502-4D95-A6B2-7AF6C8E75BB8},741258,0,0
MU-26,https://handbook.dcoz.dc.gov/zones/mixed-use/MU-26/,"Official Digital Zoning Map of July 1, 2010",Final,MU-26,Permits moderate density mixed-use development in the vicinity of the U.S. Capitol,Mixed-Use Zone,,CAP/CHC/C-2-A,MU-26,{DB1A1C71-EB5F-4412-A40C-9383821E2AFA},741259,0,0
MU-4,https://handbook.dcoz.dc.gov/zones/mixed-use/MU-4/,"Official Digital Zoning Map of July 1, 2010",Final,MU-4,Permits moderate density mixed use development,Mixed-Use Zone,,DD/C-2-A,MU-4,{7A7A41C4-FD47-414A-92BA-2093AC1C6260},741260,0,0
RA-2,https://handbook.dcoz.dc.gov/zones/residential-apartment/RA-2/,"Changed Zoning Boundary to run along the center line of the alley on March 7,2012 in Square 0514 b/w lots 83 and 87 ",Final,RA-2,Permits moderate and medium-density rowhouses and apartments,Residential Apartment Zone,,DD/R-5-B,RA-2,{17DFF2FC-5FD9-42A3-A2E8-6CC514495DEC},741261,0,0
D-4-R,https://handbook.dcoz.dc.gov/zones/downtown/d-4-r/,"Changed Zoning Boundary to run along the center line of the alley on March 7,2012 in Square 0514 b/w lots 83 and 87 ",Final,D-4-R,Permits high-density mixed use development with an emphasis on residential uses,Downtown Zone,,DD/C-2-C,D-4-R,{996BF8DC-8C3E-4B57-BE9B-3810AE267BC2},741262,0,0
D-7,https://handbook.dcoz.dc.gov/zones/downtown/d-7/,"Official Digital Zoning Map of July 1, 2010",Final,D-7,Permits the highest density commercial development that is achievable under the height act,Downtown Zone,,DD/C-5,D-7,{48D2F5C8-4379-4D98-8713-F5891880103B},741263,0,0
RA-8,https://handbook.dcoz.dc.gov/zones/residential-apartment/RA-8/,"Correction made on Feb 29, 2012 for a wrongly drawn segment in Square 66 Parcel 78 and Square 92 Parcel 64",Final,RA-8,Permits moderate to high-density rowhouses and apartments in Dupont Circle,Residential Apartment Zone,,D/DC/R-5-B,RA-8,{4BD20735-987F-4AFD-A354-431415BE878C},741264,0,0
RA-6,https://handbook.dcoz.dc.gov/zones/residential-apartment/RA-6/,"Official Digital Zoning Map of July 1, 2010",Final,RA-6,"Permits low to moderate-desnity development including detached dwellings, rowhouses, and low-rise apartments in the vicinity of the U.S. Naval Observatory",Residential Apartment Zone,,D/NO/R-5-A,RA-6,{03609DA7-5623-4F49-81CE-EF10878E4B6D},741265,0,0
MU-26,https://handbook.dcoz.dc.gov/zones/mixed-use/MU-26/,"Official Digital Zoning Map of July 1, 2010",Final,MU-26,Permits moderate density mixed-use development in the vicinity of the U.S. Capitol,Mixed-Use Zone,,CAP/CHC/C-2-A,MU-26,{47DE6A6D-D12A-4F7F-9A5F-5CB29A371830},741266,0,0
R-12,https://handbook.dcoz.dc.gov/zones/residential/R-12/,"Official Digital Zoning Map of July 1, 2010",Final,R-12,Permits detached houses on moderately-sized lots,Residential Zone,,D/NO/R-1-B,R-12,{CD85680A-5583-4473-8470-BD40CBBD2544},741267,0,0
R-11,https://handbook.dcoz.dc.gov/zones/residential/R-11/,"Official Digital Zoning Map of July 1, 2010",Final,R-11,Permits detached houses on large lots,Residential Zone,,D/NO/TSP/R-1-A,R-11,{2CCB83A0-5856-465D-B001-F07CEAB0A2A8},741268,0,0
D-5-R,https://handbook.dcoz.dc.gov/zones/downtown/d-5-r/,"Fixed zoning boundary in Square 0371 to match official zoning records on March 21, 2012",Final,D-5-R,Permits high density commercial and mixed use development through requirements and incentives for residential use,Downtown Zone,,DD/C-3-C,D-5-R,{0ABA1620-336A-4F84-8350-A648460ABE89},741269,0,0
D-1-R,https://handbook.dcoz.dc.gov/zones/downtown/d-1-r/,"Official Digital Zoning Map of July 1, 2010",Final,D-1-R,Permits high density housing with a limited amount of commercial uses permitted on only the ground floor,Downtown Zone,,DD/R-5-E,D-1-R,{2184A201-C3E3-47F3-ACB4-33E99537CA99},741270,0,0
D-5-R,https://handbook.dcoz.dc.gov/zones/downtown/d-5-r/,"Official Digital Zoning Map of July 1, 2010",Final,D-5-R,Permits high density commercial and mixed use development through requirements and incentives for residential use,Downtown Zone,,DD/C-3-C,D-5-R,{011974FC-647A-4376-80B8-AD534876988B},741271,0,0
D-6-R,https://handbook.dcoz.dc.gov/zones/downtown/d-6-r/,"Fixed Mapping error of order 632 - June 24, 2011",Final,D-6-R,Permits high-density commercial development in the downtown core,Downtown Zone,,DD/C-4,D-6-R,{869DF230-6371-445D-B27A-512FE2A771C6},741272,0,0
D-5,https://handbook.dcoz.dc.gov/zones/downtown/d-5/,"Misc map correction in Square 0577 on April 12, 2012; Fixed zoning boundary in Squares 0742, 0769, 0800 on April 24, 2012 based on order no 971, Updated Zoning to D-5 in Sq. 649 per order 08-06A",Final,D-5,Promotes high-density development of commercial and mixed-uses in areas that had been receiving areas for transferable development rights under Chapter 17 of the 1958 Zoning Regulations,Downtown Zone,,C-3-C,D-5,{58ED30ED-D61D-4003-A7FB-B759C7625B73},741273,0,0
MU-6B,https://handbook.dcoz.dc.gov/zones/mixed-use/MU-6/,,Final,MU-6B,Permits medium to high density mixed-use development with a focus on residential use,Mixed-Use Zone,,DD/C-2-C,MU-6B,{4FC0BE95-16AE-49F9-BDA9-FCCC991DBF87},741274,0,0
D-8,https://handbook.dcoz.dc.gov/zones/downtown/d-8/,,,D-8,"Permits, with conditions, high-density development",Downtown Zone,,C-3-C,D-8,{DCA67B19-2284-4A8B-BE48-21B31DE3559E},741275,0,0
D-4,https://handbook.dcoz.dc.gov/zones/downtown/d-4/,,,D-4,Permits high-density development of commercial and mixed uses,Downtown Zone,,C-3-C,D-4,{18FE0FC3-5306-4C54-ABE7-CA1FD8BD86B2},741276,0,0
CG-3,https://handbook.dcoz.dc.gov/zones/special-purpose-zones/capitol-gateway/cg-3/,"Fixed zoning boundary in Squares 0742, 0769, 0800 on April 24, 2012 based on order no 971",Final,CG-3,Permits high density mixed-use development with a focus on employment,Special Purpose Zone,,CG/C-3-C,CG-3,{C661526F-C021-4E09-88C0-092EC66F84FC},741277,0,0
MU-9B,https://handbook.dcoz.dc.gov/zones/mixed-use/MU-9/,"Changed Zoning Boundary on Feb 29, 2012 to run along the center line of the alley in Square 0099 between lots 48 and 53. Fixed Zoning Boundary in Lot 874 Square 0101 on March 2, 2012 to extend it to the center line of the alley ; ZC 21-08 renamed zone from MU-9 to MU-9B",Final,MU-9B,"Permits high density mixed-use development including office, retail, and housing with a focus on employment",Mixed-Use Zone,,C-3-C,MU-9B,{B180DFC3-4581-41BE-8156-00321D564549},741278,0,0
MU-9B,https://handbook.dcoz.dc.gov/zones/mixed-use/MU-9/,"Map correction per Zoning Commission Order #821; ZC 21-08 renamed zone from MU-9 to MU-9B",Final,MU-9B,"Permits high density mixed-use development including office, retail, and housing with a focus on employment",Mixed-Use Zone,,C-3-C,MU-9B,{44DC04AD-280C-495B-BE46-5839E68C4DFC},741279,0,0
MU-9B,https://handbook.dcoz.dc.gov/zones/mixed-use/MU-9/,"Map correction per Zoning Commission Order #821; ZC 21-08 renamed zone from MU-9 to MU-9B",Final,MU-9B,"Permits high density mixed-use development including office, retail, and housing with a focus on employment",Mixed-Use Zone,,C-3-C,MU-9B,{ECB6E6AD-4E69-4694-97AF-17C7E1E8FA8C},741280,0,0
R-2,https://handbook.dcoz.dc.gov/zones/residential/R-2/,"Fixed Zoning boundary in Square 3368 to match official zoning records on April 19, 2012",Final,R-2,Provide areas predominantly developed with semi-detached houses on moderately-sized lots that also contain some detached dwellings,Residential Zone,,R-2,R-2,{5DE5F742-D0B4-4E74-8D1F-3DA1F53B93E5},741281,0,0
R-2,https://handbook.dcoz.dc.gov/zones/residential/R-2/,"Fixed Zoning boundary in Square 3368 to match official zoning records on April 19, 2012",Final,R-2,Provide areas predominantly developed with semi-detached houses on moderately-sized lots that also contain some detached dwellings,Residential Zone,,R-2,R-2,{1FA290A1-08E6-4DAE-8C08-FEA3BA2D86D0},741282,0,0
R-2,https://handbook.dcoz.dc.gov/zones/residential/R-2/,"Fixed Zoning boundary in Square 3368 to match official zoning records on April 19, 2012",Final,R-2,Provide areas predominantly developed with semi-detached houses on moderately-sized lots that also contain some detached dwellings,Residential Zone,,R-2,R-2,{D472DA5E-0EB4-49EB-A1F2-92F01E59BD74},741283,0,0
R-2,https://handbook.dcoz.dc.gov/zones/residential/R-2/,"Fixed Zoning boundary in Square 3368 to match official zoning records on April 19, 2012",Final,R-2,Provide areas predominantly developed with semi-detached houses on moderately-sized lots that also contain some detached dwellings,Residential Zone,,R-2,R-2,{1DE4B4F7-2A99-4BD6-A08C-07A8C67F1BA5},741284,0,0
R-2,https://handbook.dcoz.dc.gov/zones/residential/R-2/,"Fixed Zoning boundary in Square 3368 to match official zoning records on April 19, 2012, Fixed topology 5/6/2021",Final,R-2,Provide areas predominantly developed with semi-detached houses on moderately-sized lots that also contain some detached dwellings,Residential Zone,,R-2,R-2,{8D5FE0E9-4027-43D1-B126-73094C3E063D},741285,0,0
R-2,https://handbook.dcoz.dc.gov/zones/residential/R-2/,"Fixed Zoning boundary in Square 3368 to match official zoning records on April 19, 2012",Final,R-2,Provide areas predominantly developed with semi-detached houses on moderately-sized lots that also contain some detached dwellings,Residential Zone,,R-2,R-2,{A0EEC607-062B-44FB-8530-29C78697C321},741286,0,0
R-2,https://handbook.dcoz.dc.gov/zones/residential/R-2/,"Fixed Zoning boundary in Square 3368 to match official zoning records on April 19, 2012",Final,R-2,Provide areas predominantly developed with semi-detached houses on moderately-sized lots that also contain some detached dwellings,Residential Zone,,R-2,R-2,{33768DFA-E664-40C3-8E33-FFA467CEE121},741287,0,0
R-3,https://handbook.dcoz.dc.gov/zones/residential/R-3/,"Official Digital Zoning Map of July 1, 2010",Final,R-3,"Allows for attached rowhouses on small lots and row dwellings mingled with detached, semi-detached, and groupings of three or more row dwellings",Residential Zone,,R-3,R-3,{BBB22979-DEF8-4A56-B335-311AA0B50E06},741288,0,0
R-3,https://handbook.dcoz.dc.gov/zones/residential/R-3/,"Official Digital Zoning Map of July 1, 2010",Final,R-3,"Allows for attached rowhouses on small lots and row dwellings mingled with detached, semi-detached, and groupings of three or more row dwellings",Residential Zone,,R-3,R-3,{6E0D1644-78D5-40E4-82BE-A3456C77AD34},741289,0,0
R-3,https://handbook.dcoz.dc.gov/zones/residential/R-3/,"Official Digital Zoning Map of July 1, 2010",Final,R-3,"Allows for attached rowhouses on small lots and row dwellings mingled with detached, semi-detached, and groupings of three or more row dwellings",Residential Zone,,R-3,R-3,{3A6B23A5-C446-403E-BCDC-0423EA328A35},741290,0,0
R-3,https://handbook.dcoz.dc.gov/zones/residential/R-3/,"Official Digital Zoning Map of July 1, 2010",Final,R-3,"Allows for attached rowhouses on small lots and row dwellings mingled with detached, semi-detached, and groupings of three or more row dwellings",Residential Zone,,R-3,R-3,{3D1BB1AC-32B5-4588-BA0C-EC0F9255870B},741291,0,0
R-3,https://handbook.dcoz.dc.gov/zones/residential/R-3/,"Official Digital Zoning Map of July 1, 2010",Final,R-3,"Allows for attached rowhouses on small lots and row dwellings mingled with detached, semi-detached, and groupings of three or more row dwellings",Residential Zone,,R-3,R-3,{F34DF4B7-5A8A-409C-A01A-8A965DD612BB},741292,0,0
R-3,https://handbook.dcoz.dc.gov/zones/residential/R-3/,"Official Digital Zoning Map of July 1, 2010",Final,R-3,"Allows for attached rowhouses on small lots and row dwellings mingled with detached, semi-detached, and groupings of three or more row dwellings",Residential Zone,,R-3,R-3,{412ECA38-D04B-464D-A777-F71FBE21D7A9},741293,0,0
R-3,https://handbook.dcoz.dc.gov/zones/residential/R-3/,"Official Digital Zoning Map of July 1, 2010",Final,R-3,"Allows for attached rowhouses on small lots and row dwellings mingled with detached, semi-detached, and groupings of three or more row dwellings",Residential Zone,,R-3,R-3,{11E217B0-7D7D-4E62-A06C-1897DB1D391F},741294,0,0
R-3,https://handbook.dcoz.dc.gov/zones/residential/R-3/,"Official Digital Zoning Map of July 1, 2010",Final,R-3,"Allows for attached rowhouses on small lots and row dwellings mingled with detached, semi-detached, and groupings of three or more row dwellings",Residential Zone,,R-3,R-3,{FDCB30A0-539E-4D95-96DD-9206E2146F01},741295,0,0
R-2,https://handbook.dcoz.dc.gov/zones/residential/R-2/,"Fixed Zoning boundary in Square 3368 to match official zoning records on April 19, 2012",Final,R-2,Provide areas predominantly developed with semi-detached houses on moderately-sized lots that also contain some detached dwellings,Residential Zone,,R-2,R-2,{3118EDB2-D6A8-4C38-9E67-199AA759CF9C},741296,0,0
R-2,https://handbook.dcoz.dc.gov/zones/residential/R-2/,"Fixed Zoning boundary in Square 3368 to match official zoning records on April 19, 2012",Final,R-2,Provide areas predominantly developed with semi-detached houses on moderately-sized lots that also contain some detached dwellings,Residential Zone,,R-2,R-2,{AD731A06-BAB3-4EBA-9170-86248C42031E},741297,0,0
R-2,https://handbook.dcoz.dc.gov/zones/residential/R-2/,"Fixed Zoning boundary in Square 3368 to match official zoning records on April 19, 2012",Final,R-2,Provide areas predominantly developed with semi-detached houses on moderately-sized lots that also contain some detached dwellings,Residential Zone,,R-2,R-2,{A0367441-B66C-4A49-9236-BEAFE562BD07},741298,0,0
R-2,https://handbook.dcoz.dc.gov/zones/residential/R-2/,"Fixed Zoning boundary in Square 3368 to match official zoning records on April 19, 2012",Final,R-2,Provide areas predominantly developed with semi-detached houses on moderately-sized lots that also contain some detached dwellings,Residential Zone,,R-2,R-2,{F5B3AC77-C886-4E90-AC7C-1C2D5EE86AD6},741299,0,0
R-2,https://handbook.dcoz.dc.gov/zones/residential/R-2/,"Fixed Zoning boundary in Square 3368 to match official zoning records on April 19, 2012",Final,R-2,Provide areas predominantly developed with semi-detached houses on moderately-sized lots that also contain some detached dwellings,Residential Zone,,R-2,R-2,{FCB4DD54-8E02-4CD6-A029-A38E56720046},741300,0,0
R-2,https://handbook.dcoz.dc.gov/zones/residential/R-2/,"Fixed Zoning boundary in Square 3368 to match official zoning records on April 19, 2012",Final,R-2,Provide areas predominantly developed with semi-detached houses on moderately-sized lots that also contain some detached dwellings,Residential Zone,,R-2,R-2,{F55989D0-B4F6-4C4D-9326-59CBA8C797FA},741301,0,0
R-2,https://handbook.dcoz.dc.gov/zones/residential/R-2/,"Fixed Zoning boundary in Square 3368 to match official zoning records on April 19, 2012",Final,R-2,Provide areas predominantly developed with semi-detached houses on moderately-sized lots that also contain some detached dwellings,Residential Zone,,R-2,R-2,{A3368EA5-A951-4128-A48C-D1CCE7A042BC},741302,0,0
R-2,https://handbook.dcoz.dc.gov/zones/residential/R-2/,"Fixed Zoning boundary in Square 3368 to match official zoning records on April 19, 2012",Final,R-2,Provide areas predominantly developed with semi-detached houses on moderately-sized lots that also contain some detached dwellings,Residential Zone,,R-2,R-2,{DA53A301-3C06-4FD5-B64F-36D9E44103C4},741303,0,0
R-2,https://handbook.dcoz.dc.gov/zones/residential/R-2/,"Fixed Zoning boundary in Square 3368 to match official zoning records on April 19, 2012",Final,R-2,Provide areas predominantly developed with semi-detached houses on moderately-sized lots that also contain some detached dwellings,Residential Zone,,R-2,R-2,{5C208B06-03EF-4579-8295-0791F74356C5},741304,0,0
R-2,https://handbook.dcoz.dc.gov/zones/residential/R-2/,"Fixed Zoning boundary in Square 3368 to match official zoning records on April 19, 2012",Final,R-2,Provide areas predominantly developed with semi-detached houses on moderately-sized lots that also contain some detached dwellings,Residential Zone,,R-2,R-2,{26C28335-1559-424E-BAD3-971A1A29FFCC},741305,0,0
R-2,https://handbook.dcoz.dc.gov/zones/residential/R-2/,"Fixed Zoning boundary in Square 3368 to match official zoning records on April 19, 2012",Final,R-2,Provide areas predominantly developed with semi-detached houses on moderately-sized lots that also contain some detached dwellings,Residential Zone,,R-2,R-2,{B638C017-4A4D-44B8-97DF-CF2CBDD29570},741306,0,0
R-2,https://handbook.dcoz.dc.gov/zones/residential/R-2/,"Fixed Zoning boundary in Square 3368 to match official zoning records on April 19, 2012",Final,R-2,Provide areas predominantly developed with semi-detached houses on moderately-sized lots that also contain some detached dwellings,Residential Zone,,R-2,R-2,{A4549797-A00F-449C-BAFC-E66036BFDAC7},741307,0,0
R-2,https://handbook.dcoz.dc.gov/zones/residential/R-2/,"Fixed Zoning boundary in Square 3368 to match official zoning records on April 19, 2012",Final,R-2,Provide areas predominantly developed with semi-detached houses on moderately-sized lots that also contain some detached dwellings,Residential Zone,,R-2,R-2,{7D4BA059-02C5-4D06-A8D4-B14B109BF3FF},741308,0,0
R-2,https://handbook.dcoz.dc.gov/zones/residential/R-2/,"Fixed Zoning boundary in Square 3368 to match official zoning records on April 19, 2012",Final,R-2,Provide areas predominantly developed with semi-detached houses on moderately-sized lots that also contain some detached dwellings,Residential Zone,,R-2,R-2,{936843DD-6F9B-4B4E-8885-647CED0FAC59},741309,0,0
R-2,https://handbook.dcoz.dc.gov/zones/residential/R-2/,"Fixed Zoning boundary in Square 3368 to match official zoning records on April 19, 2012",Final,R-2,Provide areas predominantly developed with semi-detached houses on moderately-sized lots that also contain some detached dwellings,Residential Zone,,R-2,R-2,{FAF5DFD8-FECF-46D9-836E-F3F70AA0E277},741310,0,0
R-2,https://handbook.dcoz.dc.gov/zones/residential/R-2/,"Fixed Zoning boundary in Square 3368 to match official zoning records on April 19, 2012",Final,R-2,Provide areas predominantly developed with semi-detached houses on moderately-sized lots that also contain some detached dwellings,Residential Zone,,R-2,R-2,{2F52661B-912F-4742-99FD-4F3D9010A032},741311,0,0
R-2,https://handbook.dcoz.dc.gov/zones/residential/R-2/,"Fixed Zoning boundary in Square 3368 to match official zoning records on April 19, 2012",Final,R-2,Provide areas predominantly developed with semi-detached houses on moderately-sized lots that also contain some detached dwellings,Residential Zone,,R-2,R-2,{C6784A05-6B0C-419C-B38E-F87FAAB8ED88},741312,0,0
R-2,https://handbook.dcoz.dc.gov/zones/residential/R-2/,"Fixed Zoning boundary in Square 3368 to match official zoning records on April 19, 2012",Final,R-2,Provide areas predominantly developed with semi-detached houses on moderately-sized lots that also contain some detached dwellings,Residential Zone,,R-2,R-2,{D3C45EBF-9BE5-4ABD-A103-CB1D244E9678},741313,0,0
R-3,https://handbook.dcoz.dc.gov/zones/residential/R-3/,"Official Digital Zoning Map of July 1, 2010",Final,R-3,"Allows for attached rowhouses on small lots and row dwellings mingled with detached, semi-detached, and groupings of three or more row dwellings",Residential Zone,,R-3,R-3,{54CA2663-EEC8-4AD7-ADDA-77C21DDE2531},741314,0,0
R-3,https://handbook.dcoz.dc.gov/zones/residential/R-3/,"Official Digital Zoning Map of July 1, 2010",Final,R-3,"Allows for attached rowhouses on small lots and row dwellings mingled with detached, semi-detached, and groupings of three or more row dwellings",Residential Zone,,R-3,R-3,{018BCCA8-BEE3-41E7-BAE8-5568C7F3F12F},741315,0,0
R-3,https://handbook.dcoz.dc.gov/zones/residential/R-3/,"Official Digital Zoning Map of July 1, 2010",Final,R-3,"Allows for attached rowhouses on small lots and row dwellings mingled with detached, semi-detached, and groupings of three or more row dwellings",Residential Zone,,R-3,R-3,{B8A26716-43A0-4711-9276-B950B43CF3BC},741316,0,0
R-3,https://handbook.dcoz.dc.gov/zones/residential/R-3/,"Official Digital Zoning Map of July 1, 2010",Final,R-3,"Allows for attached rowhouses on small lots and row dwellings mingled with detached, semi-detached, and groupings of three or more row dwellings",Residential Zone,,R-3,R-3,{6604720C-51D0-46B8-8C85-FB6F1F3D4C50},741317,0,0
R-3,https://handbook.dcoz.dc.gov/zones/residential/R-3/,"Official Digital Zoning Map of July 1, 2010",Final,R-3,"Allows for attached rowhouses on small lots and row dwellings mingled with detached, semi-detached, and groupings of three or more row dwellings",Residential Zone,,R-3,R-3,{5BD59286-0633-4B0E-95D3-166E811B8D1B},741318,0,0
R-3,https://handbook.dcoz.dc.gov/zones/residential/R-3/,"Official Digital Zoning Map of July 1, 2010",Final,R-3,"Allows for attached rowhouses on small lots and row dwellings mingled with detached, semi-detached, and groupings of three or more row dwellings",Residential Zone,,R-3,R-3,{1351E66A-52E0-4133-B10B-88CB1E444778},741319,0,0
R-3,https://handbook.dcoz.dc.gov/zones/residential/R-3/,"Official Digital Zoning Map of July 1, 2010",Final,R-3,"Allows for attached rowhouses on small lots and row dwellings mingled with detached, semi-detached, and groupings of three or more row dwellings",Residential Zone,,R-3,R-3,{D08302D9-F8D6-4DC1-89ED-0DFCB500F220},741320,0,0
R-3,https://handbook.dcoz.dc.gov/zones/residential/R-3/,"Official Digital Zoning Map of July 1, 2010",Final,R-3,"Allows for attached rowhouses on small lots and row dwellings mingled with detached, semi-detached, and groupings of three or more row dwellings",Residential Zone,,R-3,R-3,{2B87E156-AF92-4366-8463-D8950A6FE3FE},741321,0,0
R-3,https://handbook.dcoz.dc.gov/zones/residential/R-3/,"Official Digital Zoning Map of July 1, 2010",Final,R-3,"Allows for attached rowhouses on small lots and row dwellings mingled with detached, semi-detached, and groupings of three or more row dwellings",Residential Zone,,R-3,R-3,{D35B1F59-6F5A-4990-ADA0-B160B5CE28BA},741322,0,0
R-3,https://handbook.dcoz.dc.gov/zones/residential/R-3/,"Official Digital Zoning Map of July 1, 2010",Final,R-3,"Allows for attached rowhouses on small lots and row dwellings mingled with detached, semi-detached, and groupings of three or more row dwellings",Residential Zone,,R-3,R-3,{5A8C38AB-E09A-497F-8407-41D60237316D},741323,0,0
R-3,https://handbook.dcoz.dc.gov/zones/residential/R-3/,"Official Digital Zoning Map of July 1, 2010",Final,R-3,"Allows for attached rowhouses on small lots and row dwellings mingled with detached, semi-detached, and groupings of three or more row dwellings",Residential Zone,,R-3,R-3,{95124669-4C2A-400D-808D-59DA55E69290},741324,0,0
R-3,https://handbook.dcoz.dc.gov/zones/residential/R-3/,"Official Digital Zoning Map of July 1, 2010",Final,R-3,"Allows for attached rowhouses on small lots and row dwellings mingled with detached, semi-detached, and groupings of three or more row dwellings",Residential Zone,,R-3,R-3,{AFBDDDF5-F933-402B-A3A8-F1E2BC56A0F4},741325,0,0
R-3,https://handbook.dcoz.dc.gov/zones/residential/R-3/,"Official Digital Zoning Map of July 1, 2010",Final,R-3,"Allows for attached rowhouses on small lots and row dwellings mingled with detached, semi-detached, and groupings of three or more row dwellings",Residential Zone,,R-3,R-3,{0B5629C9-B8F3-4A43-AACB-7E944A5C7001},741326,0,0
R-3,https://handbook.dcoz.dc.gov/zones/residential/R-3/,"Official Digital Zoning Map of July 1, 2010",Final,R-3,"Allows for attached rowhouses on small lots and row dwellings mingled with detached, semi-detached, and groupings of three or more row dwellings",Residential Zone,,R-3,R-3,{0A1725A9-80AD-4414-949F-B686B410BF0E},741327,0,0
R-3,https://handbook.dcoz.dc.gov/zones/residential/R-3/,"Official Digital Zoning Map of July 1, 2010",Final,R-3,"Allows for attached rowhouses on small lots and row dwellings mingled with detached, semi-detached, and groupings of three or more row dwellings",Residential Zone,,R-3,R-3,{86532363-6606-40E8-A929-F4A76BF6EA11},741328,0,0
R-3,https://handbook.dcoz.dc.gov/zones/residential/R-3/,"Official Digital Zoning Map of July 1, 2010",Final,R-3,"Allows for attached rowhouses on small lots and row dwellings mingled with detached, semi-detached, and groupings of three or more row dwellings",Residential Zone,,R-3,R-3,{66BD3C64-A450-40E0-812D-4DD9CF738E34},741329,0,0
R-3,https://handbook.dcoz.dc.gov/zones/residential/R-3/,"Official Digital Zoning Map of July 1, 2010",Final,R-3,"Allows for attached rowhouses on small lots and row dwellings mingled with detached, semi-detached, and groupings of three or more row dwellings",Residential Zone,,R-3,R-3,{231A2EFA-6B18-4522-AF6B-070D843D9BC4},741330,0,0
R-3,https://handbook.dcoz.dc.gov/zones/residential/R-3/,"Official Digital Zoning Map of July 1, 2010",Final,R-3,"Allows for attached rowhouses on small lots and row dwellings mingled with detached, semi-detached, and groupings of three or more row dwellings",Residential Zone,,R-3,R-3,{C0B1CE78-31D0-4C45-9480-1EF8B8EE57A6},741331,0,0
R-3,https://handbook.dcoz.dc.gov/zones/residential/R-3/,"Official Digital Zoning Map of July 1, 2010",Final,R-3,"Allows for attached rowhouses on small lots and row dwellings mingled with detached, semi-detached, and groupings of three or more row dwellings",Residential Zone,,R-3,R-3,{1BFE6269-2B98-465E-B667-12A97A7F20FF},741332,0,0
R-3,https://handbook.dcoz.dc.gov/zones/residential/R-3/,"Official Digital Zoning Map of July 1, 2010",Final,R-3,"Allows for attached rowhouses on small lots and row dwellings mingled with detached, semi-detached, and groupings of three or more row dwellings",Residential Zone,,R-3,R-3,{2CF29F62-C353-4C53-B848-4BB5D880635E},741333,0,0
R-3,https://handbook.dcoz.dc.gov/zones/residential/R-3/,"Official Digital Zoning Map of July 1, 2010",Final,R-3,"Allows for attached rowhouses on small lots and row dwellings mingled with detached, semi-detached, and groupings of three or more row dwellings",Residential Zone,,R-3,R-3,{77B9EC25-44FF-4042-BD59-B03B083C4914},741334,0,0
R-3,https://handbook.dcoz.dc.gov/zones/residential/R-3/,"Official Digital Zoning Map of July 1, 2010",Final,R-3,"Allows for attached rowhouses on small lots and row dwellings mingled with detached, semi-detached, and groupings of three or more row dwellings",Residential Zone,,R-3,R-3,{2278FED7-718F-45D6-9D2B-A63696738776},741335,0,0
R-3,https://handbook.dcoz.dc.gov/zones/residential/R-3/,"Official Digital Zoning Map of July 1, 2010",Final,R-3,"Allows for attached rowhouses on small lots and row dwellings mingled with detached, semi-detached, and groupings of three or more row dwellings",Residential Zone,,R-3,R-3,{D0704F2E-6528-4105-AC91-45295425306C},741336,0,0
R-3,https://handbook.dcoz.dc.gov/zones/residential/R-3/,"Official Digital Zoning Map of July 1, 2010",Final,R-3,"Allows for attached rowhouses on small lots and row dwellings mingled with detached, semi-detached, and groupings of three or more row dwellings",Residential Zone,,R-3,R-3,{F5FADA8C-3F4E-4A00-BF43-1A1656E0449B},741337,0,0
R-3,https://handbook.dcoz.dc.gov/zones/residential/R-3/,"Official Digital Zoning Map of July 1, 2010",Final,R-3,"Allows for attached rowhouses on small lots and row dwellings mingled with detached, semi-detached, and groupings of three or more row dwellings",Residential Zone,,R-3,R-3,{EFB20E95-AB5E-468D-ABEE-7915EF349D73},741338,0,0
R-3,https://handbook.dcoz.dc.gov/zones/residential/R-3/,"Official Digital Zoning Map of July 1, 2010",Final,R-3,"Allows for attached rowhouses on small lots and row dwellings mingled with detached, semi-detached, and groupings of three or more row dwellings",Residential Zone,,R-3,R-3,{24A9B795-D042-40DB-86F7-35D74FC29A98},741339,0,0
R-3,https://handbook.dcoz.dc.gov/zones/residential/R-3/,"Official Digital Zoning Map of July 1, 2010",Final,R-3,"Allows for attached rowhouses on small lots and row dwellings mingled with detached, semi-detached, and groupings of three or more row dwellings",Residential Zone,,R-3,R-3,{80A40420-FF34-4EB0-8003-F7C998370BD7},741340,0,0
R-3,https://handbook.dcoz.dc.gov/zones/residential/R-3/,"Official Digital Zoning Map of July 1, 2010",Final,R-3,"Allows for attached rowhouses on small lots and row dwellings mingled with detached, semi-detached, and groupings of three or more row dwellings",Residential Zone,,R-3,R-3,{0ED84088-72B9-4256-8D5F-B1B5EB1E7977},741341,0,0
R-3,https://handbook.dcoz.dc.gov/zones/residential/R-3/,"Official Digital Zoning Map of July 1, 2010",Final,R-3,"Allows for attached rowhouses on small lots and row dwellings mingled with detached, semi-detached, and groupings of three or more row dwellings",Residential Zone,,R-3,R-3,{1CC9261B-696C-4CF6-BDAB-2CEDDBA4768F},741342,0,0
R-3,https://handbook.dcoz.dc.gov/zones/residential/R-3/,"Official Digital Zoning Map of July 1, 2010",Final,R-3,"Allows for attached rowhouses on small lots and row dwellings mingled with detached, semi-detached, and groupings of three or more row dwellings",Residential Zone,,R-3,R-3,{86D1EA90-8469-4D2C-9B28-E081F82CDE45},741343,0,0
R-3,https://handbook.dcoz.dc.gov/zones/residential/R-3/,"Official Digital Zoning Map of July 1, 2010",Final,R-3,"Allows for attached rowhouses on small lots and row dwellings mingled with detached, semi-detached, and groupings of three or more row dwellings",Residential Zone,,R-3,R-3,{1F6C6402-28A6-4471-B54E-12BCDF5551FA},741344,0,0
R-3,https://handbook.dcoz.dc.gov/zones/residential/R-3/,"Official Digital Zoning Map of July 1, 2010",Final,R-3,"Allows for attached rowhouses on small lots and row dwellings mingled with detached, semi-detached, and groupings of three or more row dwellings",Residential Zone,,R-3,R-3,{C4EAF79F-CE9A-44DC-88D8-8AEA5151432B},741345,0,0
R-3,https://handbook.dcoz.dc.gov/zones/residential/R-3/,"Official Digital Zoning Map of July 1, 2010",Final,R-3,"Allows for attached rowhouses on small lots and row dwellings mingled with detached, semi-detached, and groupings of three or more row dwellings",Residential Zone,,R-3,R-3,{C2F2198B-D7EA-481C-B8D2-9FABDE2D5367},741346,0,0
R-3,https://handbook.dcoz.dc.gov/zones/residential/R-3/,"Official Digital Zoning Map of July 1, 2010",Final,R-3,"Allows for attached rowhouses on small lots and row dwellings mingled with detached, semi-detached, and groupings of three or more row dwellings",Residential Zone,,R-3,R-3,{D3CDB683-976A-49C5-8B7B-127866935330},741347,0,0
R-3,https://handbook.dcoz.dc.gov/zones/residential/R-3/,"Official Digital Zoning Map of July 1, 2010",Final,R-3,"Allows for attached rowhouses on small lots and row dwellings mingled with detached, semi-detached, and groupings of three or more row dwellings",Residential Zone,,R-3,R-3,{659B9BBF-CC23-4F3F-997D-DF081E713841},741348,0,0
R-3,https://handbook.dcoz.dc.gov/zones/residential/R-3/,"Official Digital Zoning Map of July 1, 2010",Final,R-3,"Allows for attached rowhouses on small lots and row dwellings mingled with detached, semi-detached, and groupings of three or more row dwellings",Residential Zone,,R-3,R-3,{E5A8F2A4-ECEC-4950-AD59-8C67198359A2},741349,0,0
RA-1,https://handbook.dcoz.dc.gov/zones/residential-apartment/RA-1/,"Official Digital Zoning Map of July 1, 2010",Final,RA-1,"Permits low to moderate-density development, including detached dwellings, rowhouses, and low-rise apartments",Residential Apartment Zone,,R-5-A,RA-1,{E7CEB00E-4799-4CBE-8F5F-A1AFA804695D},741350,0,0
RA-1,https://handbook.dcoz.dc.gov/zones/residential-apartment/RA-1/,"Official Digital Zoning Map of July 1, 2010",Final,RA-1,"Permits low to moderate-density development, including detached dwellings, rowhouses, and low-rise apartments",Residential Apartment Zone,,R-5-A,RA-1,{2FEC1691-47F0-408A-A299-D9E1EF82A8DD},741351,0,0
RA-1,https://handbook.dcoz.dc.gov/zones/residential-apartment/RA-1/,"Official Digital Zoning Map of July 1, 2010",Final,RA-1,"Permits low to moderate-density development, including detached dwellings, rowhouses, and low-rise apartments",Residential Apartment Zone,,R-5-A,RA-1,{55B40BAB-AE41-483C-9AB1-66AD87F44D1F},741352,0,0
RA-1,https://handbook.dcoz.dc.gov/zones/residential-apartment/RA-1/,"Official Digital Zoning Map of July 1, 2010",Final,RA-1,"Permits low to moderate-density development, including detached dwellings, rowhouses, and low-rise apartments",Residential Apartment Zone,,R-5-A,RA-1,{3B658695-D260-4AA5-837A-DBDAF203EBC8},741353,0,0
RA-1,https://handbook.dcoz.dc.gov/zones/residential-apartment/RA-1/,"Official Digital Zoning Map of July 1, 2010",Final,RA-1,"Permits low to moderate-density development, including detached dwellings, rowhouses, and low-rise apartments",Residential Apartment Zone,,R-5-A,RA-1,{4793E57D-EDC4-42BF-BD48-E64CF997FB89},741354,0,0
RA-1,https://handbook.dcoz.dc.gov/zones/residential-apartment/RA-1/,"Official Digital Zoning Map of July 1, 2010",Final,RA-1,"Permits low to moderate-density development, including detached dwellings, rowhouses, and low-rise apartments",Residential Apartment Zone,,R-5-A,RA-1,{7ABF8CE2-2228-4549-8151-B565AE1A9BC2},741355,0,0
RA-1,https://handbook.dcoz.dc.gov/zones/residential-apartment/RA-1/,"Official Digital Zoning Map of July 1, 2010",Final,RA-1,"Permits low to moderate-density development, including detached dwellings, rowhouses, and low-rise apartments",Residential Apartment Zone,,R-5-A,RA-1,{43E6CDC2-4371-4E41-AC53-5385F4A54849},741356,0,0
RA-1,https://handbook.dcoz.dc.gov/zones/residential-apartment/RA-1/,"Official Digital Zoning Map of July 1, 2010",Final,RA-1,"Permits low to moderate-density development, including detached dwellings, rowhouses, and low-rise apartments",Residential Apartment Zone,,R-5-A,RA-1,{E8848341-4538-4DE0-BF72-D676EE5E3EEE},741357,0,0
RA-1,https://handbook.dcoz.dc.gov/zones/residential-apartment/RA-1/,"Official Digital Zoning Map of July 1, 2010",Final,RA-1,"Permits low to moderate-density development, including detached dwellings, rowhouses, and low-rise apartments",Residential Apartment Zone,,R-5-A,RA-1,{433B1024-7EE7-4BDD-A18C-09E5018AF8CF},741358,0,0
RA-1,https://handbook.dcoz.dc.gov/zones/residential-apartment/RA-1/,"Official Digital Zoning Map of July 1, 2010",Final,RA-1,"Permits low to moderate-density development, including detached dwellings, rowhouses, and low-rise apartments",Residential Apartment Zone,,R-5-A,RA-1,{7C5EB922-2933-4FE1-8BDB-211F48E07E3A},741359,0,0
R-3,https://handbook.dcoz.dc.gov/zones/residential/R-3/,"Official Digital Zoning Map of July 1, 2010",Final,R-3,"Allows for attached rowhouses on small lots and row dwellings mingled with detached, semi-detached, and groupings of three or more row dwellings",Residential Zone,,R-3,R-3,{07BD6CFF-B079-42AE-9B45-72B62549FA73},741360,0,0
R-3,https://handbook.dcoz.dc.gov/zones/residential/R-3/,"Official Digital Zoning Map of July 1, 2010",Final,R-3,"Allows for attached rowhouses on small lots and row dwellings mingled with detached, semi-detached, and groupings of three or more row dwellings",Residential Zone,,R-3,R-3,{413C761E-81CC-444C-822B-FA555A837779},741361,0,0
RA-1,https://handbook.dcoz.dc.gov/zones/residential-apartment/RA-1/,"Official Digital Zoning Map of July 1, 2010",Final,RA-1,"Permits low to moderate-density development, including detached dwellings, rowhouses, and low-rise apartments",Residential Apartment Zone,,R-5-A,RA-1,{CB222F47-6D03-4245-9F98-105A58DFE497},741362,0,0
RA-1,https://handbook.dcoz.dc.gov/zones/residential-apartment/RA-1/,"Official Digital Zoning Map of July 1, 2010",Final,RA-1,"Permits low to moderate-density development, including detached dwellings, rowhouses, and low-rise apartments",Residential Apartment Zone,,R-5-A,RA-1,{E0C494AA-580E-46EF-B24B-5CE4A27145C9},741363,0,0
RA-1,https://handbook.dcoz.dc.gov/zones/residential-apartment/RA-1/,"Official Digital Zoning Map of July 1, 2010",Final,RA-1,"Permits low to moderate-density development, including detached dwellings, rowhouses, and low-rise apartments",Residential Apartment Zone,,R-5-A,RA-1,{C4E2B702-352F-4C54-94DB-7EFDBB6653B9},741364,0,0
RA-1,https://handbook.dcoz.dc.gov/zones/residential-apartment/RA-1/,"Official Digital Zoning Map of July 1, 2010",Final,RA-1,"Permits low to moderate-density development, including detached dwellings, rowhouses, and low-rise apartments",Residential Apartment Zone,,R-5-A,RA-1,{8A0736AB-C8F4-47A4-B3DB-C7AA85BEA7DA},741365,0,0
RA-1,https://handbook.dcoz.dc.gov/zones/residential-apartment/RA-1/,"Official Digital Zoning Map of July 1, 2010",Final,RA-1,"Permits low to moderate-density development, including detached dwellings, rowhouses, and low-rise apartments",Residential Apartment Zone,,R-5-A,RA-1,{2BB62870-5EF4-45B2-9DB6-5D375B8843A8},741366,0,0
RA-1,https://handbook.dcoz.dc.gov/zones/residential-apartment/RA-1/,"Official Digital Zoning Map of July 1, 2010",Final,RA-1,"Permits low to moderate-density development, including detached dwellings, rowhouses, and low-rise apartments",Residential Apartment Zone,,R-5-A,RA-1,{6157E8E4-17D3-4022-9709-0A284E99619C},741367,0,0
RA-1,https://handbook.dcoz.dc.gov/zones/residential-apartment/RA-1/,"Official Digital Zoning Map of July 1, 2010",Final,RA-1,"Permits low to moderate-density development, including detached dwellings, rowhouses, and low-rise apartments",Residential Apartment Zone,,R-5-A,RA-1,{7E4387C0-A4F2-4AE0-85AF-18B6995A46B1},741368,0,0
RA-1,https://handbook.dcoz.dc.gov/zones/residential-apartment/RA-1/,"Official Digital Zoning Map of July 1, 2010",Final,RA-1,"Permits low to moderate-density development, including detached dwellings, rowhouses, and low-rise apartments",Residential Apartment Zone,,R-5-A,RA-1,{05DBF7BF-9E53-4185-855F-3E99733342E8},741369,0,0
RA-1,https://handbook.dcoz.dc.gov/zones/residential-apartment/RA-1/,"Official Digital Zoning Map of July 1, 2010",Final,RA-1,"Permits low to moderate-density development, including detached dwellings, rowhouses, and low-rise apartments",Residential Apartment Zone,,R-5-A,RA-1,{FB27665C-DE78-444B-9533-5438FF8E30FC},741370,0,0
RA-1,https://handbook.dcoz.dc.gov/zones/residential-apartment/RA-1/,"Official Digital Zoning Map of July 1, 2010",Final,RA-1,"Permits low to moderate-density development, including detached dwellings, rowhouses, and low-rise apartments",Residential Apartment Zone,,R-5-A,RA-1,{6A055E1B-6460-44AD-9F51-0C938076258F},741371,0,0
RA-1,https://handbook.dcoz.dc.gov/zones/residential-apartment/RA-1/,"Official Digital Zoning Map of July 1, 2010",Final,RA-1,"Permits low to moderate-density development, including detached dwellings, rowhouses, and low-rise apartments",Residential Apartment Zone,,R-5-A,RA-1,{B9A9958A-DAF8-41DF-977F-E44758668C16},741372,0,0
RA-1,https://handbook.dcoz.dc.gov/zones/residential-apartment/RA-1/,"Official Digital Zoning Map of July 1, 2010",Final,RA-1,"Permits low to moderate-density development, including detached dwellings, rowhouses, and low-rise apartments",Residential Apartment Zone,,R-5-A,RA-1,{9E636231-343B-41FC-B7DE-6D35EDBA8FDD},741373,0,0
RA-1,https://handbook.dcoz.dc.gov/zones/residential-apartment/RA-1/,"Official Digital Zoning Map of July 1, 2010",Final,RA-1,"Permits low to moderate-density development, including detached dwellings, rowhouses, and low-rise apartments",Residential Apartment Zone,,R-5-A,RA-1,{C9A417ED-4B6A-4947-8B41-44F9C949F41B},741374,0,0
RA-1,https://handbook.dcoz.dc.gov/zones/residential-apartment/RA-1/,"Official Digital Zoning Map of July 1, 2010",Final,RA-1,"Permits low to moderate-density development, including detached dwellings, rowhouses, and low-rise apartments",Residential Apartment Zone,,R-5-A,RA-1,{89938777-3DFF-4336-946C-DB3E057EB90C},741375,0,0
RA-1,https://handbook.dcoz.dc.gov/zones/residential-apartment/RA-1/,"Official Digital Zoning Map of July 1, 2010",Final,RA-1,"Permits low to moderate-density development, including detached dwellings, rowhouses, and low-rise apartments",Residential Apartment Zone,,R-5-A,RA-1,{26C61675-79C4-4310-8666-75886C494729},741376,0,0
RA-1,https://handbook.dcoz.dc.gov/zones/residential-apartment/RA-1/,"Official Digital Zoning Map of July 1, 2010",Final,RA-1,"Permits low to moderate-density development, including detached dwellings, rowhouses, and low-rise apartments",Residential Apartment Zone,,R-5-A,RA-1,{3B3504B7-480A-4DBE-B221-A77613846504},741377,0,0
RA-1,https://handbook.dcoz.dc.gov/zones/residential-apartment/RA-1/,"Official Digital Zoning Map of July 1, 2010",Final,RA-1,"Permits low to moderate-density development, including detached dwellings, rowhouses, and low-rise apartments",Residential Apartment Zone,,R-5-A,RA-1,{565E6C15-C9A5-48EB-A94F-3B88BFF9B397},741378,0,0
RA-1,https://handbook.dcoz.dc.gov/zones/residential-apartment/RA-1/,"Official Digital Zoning Map of July 1, 2010",Final,RA-1,"Permits low to moderate-density development, including detached dwellings, rowhouses, and low-rise apartments",Residential Apartment Zone,,R-5-A,RA-1,{98A9BB05-30D1-45C0-AD75-B06605F64791},741379,0,0
RA-1,https://handbook.dcoz.dc.gov/zones/residential-apartment/RA-1/,"Official Digital Zoning Map of July 1, 2010",Final,RA-1,"Permits low to moderate-density development, including detached dwellings, rowhouses, and low-rise apartments",Residential Apartment Zone,,R-5-A,RA-1,{831421E5-5028-4CA8-A021-0407D1A19A8D},741380,0,0
RA-1,https://handbook.dcoz.dc.gov/zones/residential-apartment/RA-1/,"Official Digital Zoning Map of July 1, 2010",Final,RA-1,"Permits low to moderate-density development, including detached dwellings, rowhouses, and low-rise apartments",Residential Apartment Zone,,R-5-A,RA-1,{12C57991-BB83-4548-A9A4-F373D4CF3ABD},741381,0,0
RA-1,https://handbook.dcoz.dc.gov/zones/residential-apartment/RA-1/,"Official Digital Zoning Map of July 1, 2010",Final,RA-1,"Permits low to moderate-density development, including detached dwellings, rowhouses, and low-rise apartments",Residential Apartment Zone,,R-5-A,RA-1,{308D9633-2670-46DE-9A06-A7A9CA8F5CEF},741382,0,0
RA-1,https://handbook.dcoz.dc.gov/zones/residential-apartment/RA-1/,"Official Digital Zoning Map of July 1, 2010",Final,RA-1,"Permits low to moderate-density development, including detached dwellings, rowhouses, and low-rise apartments",Residential Apartment Zone,,R-5-A,RA-1,{8EFBA526-3FBD-4068-85D4-7F6E3984F0AA},741383,0,0
RA-1,https://handbook.dcoz.dc.gov/zones/residential-apartment/RA-1/,"Official Digital Zoning Map of July 1, 2010",Final,RA-1,"Permits low to moderate-density development, including detached dwellings, rowhouses, and low-rise apartments",Residential Apartment Zone,,R-5-A,RA-1,{E0A272DA-C08D-48A9-8F3F-57AA1E4E355D},741384,0,0
RA-1,https://handbook.dcoz.dc.gov/zones/residential-apartment/RA-1/,"Official Digital Zoning Map of July 1, 2010",Final,RA-1,"Permits low to moderate-density development, including detached dwellings, rowhouses, and low-rise apartments",Residential Apartment Zone,,R-5-A,RA-1,{186C5CE4-5B3D-4616-B67D-38181D282C34},741385,0,0
RA-1,https://handbook.dcoz.dc.gov/zones/residential-apartment/RA-1/,"Official Digital Zoning Map of July 1, 2010",Final,RA-1,"Permits low to moderate-density development, including detached dwellings, rowhouses, and low-rise apartments",Residential Apartment Zone,,R-5-A,RA-1,{540B7513-9706-47A5-A1C9-F822B45B0DCF},741386,0,0
RA-1,https://handbook.dcoz.dc.gov/zones/residential-apartment/RA-1/,"Official Digital Zoning Map of July 1, 2010",Final,RA-1,"Permits low to moderate-density development, including detached dwellings, rowhouses, and low-rise apartments",Residential Apartment Zone,,R-5-A,RA-1,{1776847A-AA6A-4363-BEB6-CFDA789FDE08},741387,0,0
RA-1,https://handbook.dcoz.dc.gov/zones/residential-apartment/RA-1/,"Official Digital Zoning Map of July 1, 2010",Final,RA-1,"Permits low to moderate-density development, including detached dwellings, rowhouses, and low-rise apartments",Residential Apartment Zone,,R-5-A,RA-1,{CE69BD59-142D-4DF9-BCF5-23D31D75E172},741388,0,0
RA-1,https://handbook.dcoz.dc.gov/zones/residential-apartment/RA-1/,"Official Digital Zoning Map of July 1, 2010",Final,RA-1,"Permits low to moderate-density development, including detached dwellings, rowhouses, and low-rise apartments",Residential Apartment Zone,,R-5-A,RA-1,{E317A62A-8768-4477-AB78-11B48497CFE7},741389,0,0
RA-1,https://handbook.dcoz.dc.gov/zones/residential-apartment/RA-1/,"Official Digital Zoning Map of July 1, 2010",Final,RA-1,"Permits low to moderate-density development, including detached dwellings, rowhouses, and low-rise apartments",Residential Apartment Zone,,R-5-A,RA-1,{C6A0CD35-B69A-4357-A756-BF6FE5AF96D3},741390,0,0
RA-1,https://handbook.dcoz.dc.gov/zones/residential-apartment/RA-1/,"Official Digital Zoning Map of July 1, 2010",Final,RA-1,"Permits low to moderate-density development, including detached dwellings, rowhouses, and low-rise apartments",Residential Apartment Zone,,R-5-A,RA-1,{6E5EA423-5954-404C-94FF-2145F205D604},741391,0,0
RA-1,https://handbook.dcoz.dc.gov/zones/residential-apartment/RA-1/,"Official Digital Zoning Map of July 1, 2010",Final,RA-1,"Permits low to moderate-density development, including detached dwellings, rowhouses, and low-rise apartments",Residential Apartment Zone,,R-5-A,RA-1,{BD9A70D2-F274-4FFB-B9E3-99E33ED4A22A},741392,0,0
RA-1,https://handbook.dcoz.dc.gov/zones/residential-apartment/RA-1/,"Official Digital Zoning Map of July 1, 2010",Final,RA-1,"Permits low to moderate-density development, including detached dwellings, rowhouses, and low-rise apartments",Residential Apartment Zone,,R-5-A,RA-1,{F56AB472-C766-4E19-A3B3-860A72E350D5},741393,0,0
RA-1,https://handbook.dcoz.dc.gov/zones/residential-apartment/RA-1/,"Official Digital Zoning Map of July 1, 2010",Final,RA-1,"Permits low to moderate-density development, including detached dwellings, rowhouses, and low-rise apartments",Residential Apartment Zone,,R-5-A,RA-1,{DC32F8BE-BFFE-467B-B933-1CA31AFEDBB4},741394,0,0
RA-1,https://handbook.dcoz.dc.gov/zones/residential-apartment/RA-1/,"Official Digital Zoning Map of July 1, 2010",Final,RA-1,"Permits low to moderate-density development, including detached dwellings, rowhouses, and low-rise apartments",Residential Apartment Zone,,R-5-A,RA-1,{C3B76861-E375-4B8C-A4DC-FF1FAE2C5AF9},741395,0,0
RA-1,https://handbook.dcoz.dc.gov/zones/residential-apartment/RA-1/,"Official Digital Zoning Map of July 1, 2010",Final,RA-1,"Permits low to moderate-density development, including detached dwellings, rowhouses, and low-rise apartments",Residential Apartment Zone,,R-5-A,RA-1,{2CEE77A7-9F12-4024-ADB1-F050DA148000},741396,0,0
RA-1,https://handbook.dcoz.dc.gov/zones/residential-apartment/RA-1/,"Official Digital Zoning Map of July 1, 2010",Final,RA-1,"Permits low to moderate-density development, including detached dwellings, rowhouses, and low-rise apartments",Residential Apartment Zone,,R-5-A,RA-1,{EC52AEDA-C1A5-434D-8C93-F6F6F5F783A3},741397,0,0
RA-1,https://handbook.dcoz.dc.gov/zones/residential-apartment/RA-1/,"Official Digital Zoning Map of July 1, 2010",Final,RA-1,"Permits low to moderate-density development, including detached dwellings, rowhouses, and low-rise apartments",Residential Apartment Zone,,R-5-A,RA-1,{5DAB3136-1D1F-4FD7-859A-517B3D5DB113},741398,0,0
RA-1,https://handbook.dcoz.dc.gov/zones/residential-apartment/RA-1/,"Official Digital Zoning Map of July 1, 2010",Final,RA-1,"Permits low to moderate-density development, including detached dwellings, rowhouses, and low-rise apartments",Residential Apartment Zone,,R-5-A,RA-1,{66D8C11A-5969-4860-B320-25A2B62FBCDA},741399,0,0
RA-1,https://handbook.dcoz.dc.gov/zones/residential-apartment/RA-1/,"Official Digital Zoning Map of July 1, 2010",Final,RA-1,"Permits low to moderate-density development, including detached dwellings, rowhouses, and low-rise apartments",Residential Apartment Zone,,R-5-A,RA-1,{40C4B39C-DF70-496D-9814-743F23E6F8AD},741400,0,0
RA-1,https://handbook.dcoz.dc.gov/zones/residential-apartment/RA-1/,"Official Digital Zoning Map of July 1, 2010",Final,RA-1,"Permits low to moderate-density development, including detached dwellings, rowhouses, and low-rise apartments",Residential Apartment Zone,,R-5-A,RA-1,{7B4DB086-50A4-4D07-8503-0A2E51F59DAC},741401,0,0
RA-1,https://handbook.dcoz.dc.gov/zones/residential-apartment/RA-1/,"Official Digital Zoning Map of July 1, 2010",Final,RA-1,"Permits low to moderate-density development, including detached dwellings, rowhouses, and low-rise apartments",Residential Apartment Zone,,R-5-A,RA-1,{9EED7F20-06DB-486C-B7E3-0853CDDD7D88},741402,0,0
RA-1,https://handbook.dcoz.dc.gov/zones/residential-apartment/RA-1/,"Official Digital Zoning Map of July 1, 2010",Final,RA-1,"Permits low to moderate-density development, including detached dwellings, rowhouses, and low-rise apartments",Residential Apartment Zone,,R-5-A,RA-1,{830DA1DB-DAA0-4D45-BCAE-4020D0EA70E0},741403,0,0
RA-1,https://handbook.dcoz.dc.gov/zones/residential-apartment/RA-1/,"Official Digital Zoning Map of July 1, 2010",Final,RA-1,"Permits low to moderate-density development, including detached dwellings, rowhouses, and low-rise apartments",Residential Apartment Zone,,R-5-A,RA-1,{69F79EC3-F1CB-4043-BAB3-215A1B993CB6},741404,0,0
RA-1,https://handbook.dcoz.dc.gov/zones/residential-apartment/RA-1/,"Official Digital Zoning Map of July 1, 2010",Final,RA-1,"Permits low to moderate-density development, including detached dwellings, rowhouses, and low-rise apartments",Residential Apartment Zone,,R-5-A,RA-1,{3448126C-26F2-42AB-B9C9-7AA502DD8D8A},741405,0,0
RA-1,https://handbook.dcoz.dc.gov/zones/residential-apartment/RA-1/,"Official Digital Zoning Map of July 1, 2010",Final,RA-1,"Permits low to moderate-density development, including detached dwellings, rowhouses, and low-rise apartments",Residential Apartment Zone,,R-5-A,RA-1,{119943DC-199E-417E-84DF-63895F9DF644},741406,0,0
RA-1,https://handbook.dcoz.dc.gov/zones/residential-apartment/RA-1/,"Official Digital Zoning Map of July 1, 2010",Final,RA-1,"Permits low to moderate-density development, including detached dwellings, rowhouses, and low-rise apartments",Residential Apartment Zone,,R-5-A,RA-1,{047EB223-4685-4F72-A6B6-A9A8D9A67136},741407,0,0
RA-1,https://handbook.dcoz.dc.gov/zones/residential-apartment/RA-1/,"Official Digital Zoning Map of July 1, 2010",Final,RA-1,"Permits low to moderate-density development, including detached dwellings, rowhouses, and low-rise apartments",Residential Apartment Zone,,R-5-A,RA-1,{98C274DC-20CD-46F1-BE66-FD079DBA9E02},741408,0,0
RA-1,https://handbook.dcoz.dc.gov/zones/residential-apartment/RA-1/,"Official Digital Zoning Map of July 1, 2010",Final,RA-1,"Permits low to moderate-density development, including detached dwellings, rowhouses, and low-rise apartments",Residential Apartment Zone,,R-5-A,RA-1,{BAEFA828-C7FB-4A50-8C06-B885A4A8AAB1},741409,0,0
RA-1,https://handbook.dcoz.dc.gov/zones/residential-apartment/RA-1/,"Official Digital Zoning Map of July 1, 2010",Final,RA-1,"Permits low to moderate-density development, including detached dwellings, rowhouses, and low-rise apartments",Residential Apartment Zone,,R-5-A,RA-1,{C570B59E-0B31-482D-86D4-49C6EA7C5BA4},741410,0,0
RA-1,https://handbook.dcoz.dc.gov/zones/residential-apartment/RA-1/,"Official Digital Zoning Map of July 1, 2010",Final,RA-1,"Permits low to moderate-density development, including detached dwellings, rowhouses, and low-rise apartments",Residential Apartment Zone,,R-5-A,RA-1,{3708261C-5579-4CC5-8B01-93DABE7918CE},741411,0,0
RA-1,https://handbook.dcoz.dc.gov/zones/residential-apartment/RA-1/,"Official Digital Zoning Map of July 1, 2010",Final,RA-1,"Permits low to moderate-density development, including detached dwellings, rowhouses, and low-rise apartments",Residential Apartment Zone,,R-5-A,RA-1,{CCB80108-C8DF-4252-9DF4-0B61136936AB},741412,0,0
RA-1,https://handbook.dcoz.dc.gov/zones/residential-apartment/RA-1/,"Official Digital Zoning Map of July 1, 2010",Final,RA-1,"Permits low to moderate-density development, including detached dwellings, rowhouses, and low-rise apartments",Residential Apartment Zone,,R-5-A,RA-1,{544A8BF5-9757-46EA-A551-86B92F8E6561},741413,0,0
RA-1,https://handbook.dcoz.dc.gov/zones/residential-apartment/RA-1/,"Official Digital Zoning Map of July 1, 2010",Final,RA-1,"Permits low to moderate-density development, including detached dwellings, rowhouses, and low-rise apartments",Residential Apartment Zone,,R-5-A,RA-1,{9FF99485-9EC2-4F2B-8689-29FDAF9E95E4},741414,0,0
RA-1,https://handbook.dcoz.dc.gov/zones/residential-apartment/RA-1/,"Official Digital Zoning Map of July 1, 2010",Final,RA-1,"Permits low to moderate-density development, including detached dwellings, rowhouses, and low-rise apartments",Residential Apartment Zone,,R-5-A,RA-1,{8ED203AB-26B2-4940-B7F9-DE5B7B9239D0},741415,0,0
RA-2,https://handbook.dcoz.dc.gov/zones/residential-apartment/RA-2/,"Official Digital Zoning Map of July 1, 2010",Final,RA-2,Permits moderate and medium-density rowhouses and apartments,Residential Apartment Zone,,R-5-B,RA-2,{97C21E75-0EE7-45C3-A5B5-23DD1E80CBB3},741416,0,0
RA-2,https://handbook.dcoz.dc.gov/zones/residential-apartment/RA-2/,"Official Digital Zoning Map of July 1, 2010",Final,RA-2,Permits moderate and medium-density rowhouses and apartments,Residential Apartment Zone,,R-5-B,RA-2,{3B1E004D-07DB-4819-B372-4B62F17BC909},741417,0,0
RA-2,https://handbook.dcoz.dc.gov/zones/residential-apartment/RA-2/,"Official Digital Zoning Map of July 1, 2010",Final,RA-2,Permits moderate and medium-density rowhouses and apartments,Residential Apartment Zone,,R-5-B,RA-2,{80AFEDA3-55E5-47C5-958D-DEFC169720AC},741418,0,0
RA-2,https://handbook.dcoz.dc.gov/zones/residential-apartment/RA-2/,"Official Digital Zoning Map of July 1, 2010",Final,RA-2,Permits moderate and medium-density rowhouses and apartments,Residential Apartment Zone,,R-5-B,RA-2,{CFF7CF0D-39BA-4C2C-ADB4-B15DD6E6A0F9},741419,0,0
RA-2,https://handbook.dcoz.dc.gov/zones/residential-apartment/RA-2/,"Official Digital Zoning Map of July 1, 2010",Final,RA-2,Permits moderate and medium-density rowhouses and apartments,Residential Apartment Zone,,R-5-B,RA-2,{3EE1A6E0-6C8E-4C53-8203-E96DCE6B44E5},741420,0,0
RA-2,https://handbook.dcoz.dc.gov/zones/residential-apartment/RA-2/,"Official Digital Zoning Map of July 1, 2010",Final,RA-2,Permits moderate and medium-density rowhouses and apartments,Residential Apartment Zone,,R-5-B,RA-2,{7CF00284-C43D-42EF-816A-6098EE53594A},741421,0,0
RA-2,https://handbook.dcoz.dc.gov/zones/residential-apartment/RA-2/,"Official Digital Zoning Map of July 1, 2010",Final,RA-2,Permits moderate and medium-density rowhouses and apartments,Residential Apartment Zone,,R-5-B,RA-2,{29732C2B-3DE4-4FC0-9A96-C781BB09FCFB},741422,0,0
RA-2,https://handbook.dcoz.dc.gov/zones/residential-apartment/RA-2/,"Official Digital Zoning Map of July 1, 2010",Final,RA-2,Permits moderate and medium-density rowhouses and apartments,Residential Apartment Zone,,R-5-B,RA-2,{B52F258D-6260-4D50-9F00-F367CB618B7E},741423,0,0
RA-2,https://handbook.dcoz.dc.gov/zones/residential-apartment/RA-2/,"Official Digital Zoning Map of July 1, 2010",Final,RA-2,Permits moderate and medium-density rowhouses and apartments,Residential Apartment Zone,,R-5-B,RA-2,{A0113E8B-B9AB-4728-A1D7-51BD79C9999E},741424,0,0
RA-2,https://handbook.dcoz.dc.gov/zones/residential-apartment/RA-2/,"Official Digital Zoning Map of July 1, 2010",Final,RA-2,Permits moderate and medium-density rowhouses and apartments,Residential Apartment Zone,,R-5-B,RA-2,{5FC46F1B-BFD4-4955-BC74-F5C3B11D82F4},741425,0,0
RA-2,https://handbook.dcoz.dc.gov/zones/residential-apartment/RA-2/,"Official Digital Zoning Map of July 1, 2010",Final,RA-2,Permits moderate and medium-density rowhouses and apartments,Residential Apartment Zone,,R-5-B,RA-2,{617020BF-4591-4ABA-802C-FD07CE31C8EA},741426,0,0
RA-2,https://handbook.dcoz.dc.gov/zones/residential-apartment/RA-2/,"Official Digital Zoning Map of July 1, 2010",Final,RA-2,Permits moderate and medium-density rowhouses and apartments,Residential Apartment Zone,,R-5-B,RA-2,{FA1FC5B2-40CB-4BA8-B138-D3C6BB6FECD1},741427,0,0
RA-2,https://handbook.dcoz.dc.gov/zones/residential-apartment/RA-2/,"Official Digital Zoning Map of July 1, 2010",Final,RA-2,Permits moderate and medium-density rowhouses and apartments,Residential Apartment Zone,,R-5-B,RA-2,{E41DF288-5D35-4A14-ADA3-EC68520EE06B},741428,0,0
RA-2,https://handbook.dcoz.dc.gov/zones/residential-apartment/RA-2/,"Official Digital Zoning Map of July 1, 2010",Final,RA-2,Permits moderate and medium-density rowhouses and apartments,Residential Apartment Zone,,R-5-B,RA-2,{AC1E8BE2-D209-43C5-9E30-9A1BCE308A05},741429,0,0
RA-2,https://handbook.dcoz.dc.gov/zones/residential-apartment/RA-2/,"Official Digital Zoning Map of July 1, 2010",Final,RA-2,Permits moderate and medium-density rowhouses and apartments,Residential Apartment Zone,,R-5-B,RA-2,{66086789-D65D-4233-8891-9DD5355E9677},741430,0,0
RA-2,https://handbook.dcoz.dc.gov/zones/residential-apartment/RA-2/,"Official Digital Zoning Map of July 1, 2010",Final,RA-2,Permits moderate and medium-density rowhouses and apartments,Residential Apartment Zone,,R-5-B,RA-2,{CB553165-60F2-420B-9B78-BC901DCFE96F},741431,0,0
RA-2,https://handbook.dcoz.dc.gov/zones/residential-apartment/RA-2/,"Official Digital Zoning Map of July 1, 2010",Final,RA-2,Permits moderate and medium-density rowhouses and apartments,Residential Apartment Zone,,R-5-B,RA-2,{68913EBF-ECCC-45F8-AB5A-8D1AC1FCB522},741432,0,0
RA-2,https://handbook.dcoz.dc.gov/zones/residential-apartment/RA-2/,"Official Digital Zoning Map of July 1, 2010",Final,RA-2,Permits moderate and medium-density rowhouses and apartments,Residential Apartment Zone,,R-5-B,RA-2,{8A67C2B4-75A3-4FE1-999D-42A1F8D1FD9F},741433,0,0
RA-2,https://handbook.dcoz.dc.gov/zones/residential-apartment/RA-2/,"Official Digital Zoning Map of July 1, 2010",Final,RA-2,Permits moderate and medium-density rowhouses and apartments,Residential Apartment Zone,,R-5-B,RA-2,{6CF03A30-0177-466B-8810-C8C413C9018E},741434,0,0
RA-2,https://handbook.dcoz.dc.gov/zones/residential-apartment/RA-2/,"Official Digital Zoning Map of July 1, 2010",Final,RA-2,Permits moderate and medium-density rowhouses and apartments,Residential Apartment Zone,,R-5-B,RA-2,{34333C89-69F2-4902-8AC1-7426C7831A92},741435,0,0
RA-2,https://handbook.dcoz.dc.gov/zones/residential-apartment/RA-2/,"Official Digital Zoning Map of July 1, 2010",Final,RA-2,Permits moderate and medium-density rowhouses and apartments,Residential Apartment Zone,,R-5-B,RA-2,{997920F0-6204-4488-9C8F-7BD267B10240},741436,0,0
RA-2,https://handbook.dcoz.dc.gov/zones/residential-apartment/RA-2/,"Official Digital Zoning Map of July 1, 2010",Final,RA-2,Permits moderate and medium-density rowhouses and apartments,Residential Apartment Zone,,R-5-B,RA-2,{E201F628-0EFC-4AAF-9604-B4DD94770CB8},741437,0,0
RA-2,https://handbook.dcoz.dc.gov/zones/residential-apartment/RA-2/,"Official Digital Zoning Map of July 1, 2010",Final,RA-2,Permits moderate and medium-density rowhouses and apartments,Residential Apartment Zone,,R-5-B,RA-2,{1B7A836B-D8A2-48D2-A478-8A582FB916A9},741438,0,0
RA-2,https://handbook.dcoz.dc.gov/zones/residential-apartment/RA-2/,"Official Digital Zoning Map of July 1, 2010",Final,RA-2,Permits moderate and medium-density rowhouses and apartments,Residential Apartment Zone,,R-5-B,RA-2,{1CA41AEF-9293-48EC-9AE9-8E359895F862},741439,0,0
RA-2,https://handbook.dcoz.dc.gov/zones/residential-apartment/RA-2/,"Official Digital Zoning Map of July 1, 2010",Final,RA-2,Permits moderate and medium-density rowhouses and apartments,Residential Apartment Zone,,R-5-B,RA-2,{7F00312C-698E-4386-BFF5-6357C0E3AF61},741440,0,0
RA-2,https://handbook.dcoz.dc.gov/zones/residential-apartment/RA-2/,"Official Digital Zoning Map of July 1, 2010",Final,RA-2,Permits moderate and medium-density rowhouses and apartments,Residential Apartment Zone,,R-5-B,RA-2,{6EEA9A21-FBA2-46AB-AAA2-3157DB09E2A0},741441,0,0
RA-2,https://handbook.dcoz.dc.gov/zones/residential-apartment/RA-2/,"Official Digital Zoning Map of July 1, 2010",Final,RA-2,Permits moderate and medium-density rowhouses and apartments,Residential Apartment Zone,,R-5-B,RA-2,{30B48B83-8632-46BE-A53B-A02949D0C5FD},741442,0,0
RA-2,https://handbook.dcoz.dc.gov/zones/residential-apartment/RA-2/,"Official Digital Zoning Map of July 1, 2010",Final,RA-2,Permits moderate and medium-density rowhouses and apartments,Residential Apartment Zone,,R-5-B,RA-2,{2383AD8B-8167-49A8-8056-DA161C97560A},741443,0,0
RA-2,https://handbook.dcoz.dc.gov/zones/residential-apartment/RA-2/,"Official Digital Zoning Map of July 1, 2010",Final,RA-2,Permits moderate and medium-density rowhouses and apartments,Residential Apartment Zone,,R-5-B,RA-2,{6C25F3C2-47AA-4079-BC0F-AB61E35A2CBF},741444,0,0
RA-2,https://handbook.dcoz.dc.gov/zones/residential-apartment/RA-2/,"Official Digital Zoning Map of July 1, 2010",Final,RA-2,Permits moderate and medium-density rowhouses and apartments,Residential Apartment Zone,,R-5-B,RA-2,{1052A14A-D127-4A46-84FC-5775A76BFC52},741445,0,0
RA-2,https://handbook.dcoz.dc.gov/zones/residential-apartment/RA-2/,"Official Digital Zoning Map of July 1, 2010",Final,RA-2,Permits moderate and medium-density rowhouses and apartments,Residential Apartment Zone,,R-5-B,RA-2,{D77EEF2C-980C-4911-846C-0B9A0D2969A6},741446,0,0
RA-2,https://handbook.dcoz.dc.gov/zones/residential-apartment/RA-2/,"Official Digital Zoning Map of July 1, 2010",Final,RA-2,Permits moderate and medium-density rowhouses and apartments,Residential Apartment Zone,,R-5-B,RA-2,{CD81ADB4-245B-4C52-9E31-278084D82BD0},741447,0,0
RA-2,https://handbook.dcoz.dc.gov/zones/residential-apartment/RA-2/,"Official Digital Zoning Map of July 1, 2010",Final,RA-2,Permits moderate and medium-density rowhouses and apartments,Residential Apartment Zone,,R-5-B,RA-2,{61DBF6F9-D1E1-423B-83AC-6B0454F88E10},741448,0,0
RA-2,https://handbook.dcoz.dc.gov/zones/residential-apartment/RA-2/,"Official Digital Zoning Map of July 1, 2010",Final,RA-2,Permits moderate and medium-density rowhouses and apartments,Residential Apartment Zone,,R-5-B,RA-2,{F53FB2DC-379A-4EEB-8672-E27A0B6F3D0E},741449,0,0
RA-2,https://handbook.dcoz.dc.gov/zones/residential-apartment/RA-2/,"Official Digital Zoning Map of July 1, 2010",Final,RA-2,Permits moderate and medium-density rowhouses and apartments,Residential Apartment Zone,,R-5-B,RA-2,{7FDEC844-6090-4D90-B7F5-A6FFA5946011},741450,0,0
RA-2,https://handbook.dcoz.dc.gov/zones/residential-apartment/RA-2/,"Official Digital Zoning Map of July 1, 2010",Final,RA-2,Permits moderate and medium-density rowhouses and apartments,Residential Apartment Zone,,R-5-B,RA-2,{18D1FC56-DBA8-4E94-9689-ECE70FC0DC19},741451,0,0
RA-2,https://handbook.dcoz.dc.gov/zones/residential-apartment/RA-2/,"Official Digital Zoning Map of July 1, 2010",Final,RA-2,Permits moderate and medium-density rowhouses and apartments,Residential Apartment Zone,,R-5-B,RA-2,{789E0F13-973C-4591-8759-2C4EBB8567D6},741452,0,0
RA-2,https://handbook.dcoz.dc.gov/zones/residential-apartment/RA-2/,"Official Digital Zoning Map of July 1, 2010",Final,RA-2,Permits moderate and medium-density rowhouses and apartments,Residential Apartment Zone,,R-5-B,RA-2,{2CE69817-A172-4377-A89F-3A04CFAB0738},741453,0,0
RA-2,https://handbook.dcoz.dc.gov/zones/residential-apartment/RA-2/,"Official Digital Zoning Map of July 1, 2010",Final,RA-2,Permits moderate and medium-density rowhouses and apartments,Residential Apartment Zone,,R-5-B,RA-2,{1979A2F9-2F43-44A8-BBE7-0BB7A15A9579},741454,0,0
RA-2,https://handbook.dcoz.dc.gov/zones/residential-apartment/RA-2/,"Official Digital Zoning Map of July 1, 2010",Final,RA-2,Permits moderate and medium-density rowhouses and apartments,Residential Apartment Zone,,R-5-B,RA-2,{50E9A330-3D5C-407E-AE7C-99C7FDAAC988},741455,0,0
RA-2,https://handbook.dcoz.dc.gov/zones/residential-apartment/RA-2/,"Official Digital Zoning Map of July 1, 2010",Final,RA-2,Permits moderate and medium-density rowhouses and apartments,Residential Apartment Zone,,R-5-B,RA-2,{C546B727-3BBC-4A45-B8A0-EFC00086732B},741456,0,0
RA-2,https://handbook.dcoz.dc.gov/zones/residential-apartment/RA-2/,"Official Digital Zoning Map of July 1, 2010",Final,RA-2,Permits moderate and medium-density rowhouses and apartments,Residential Apartment Zone,,R-5-B,RA-2,{78684DE3-6D6F-45CE-A87F-F492FEC78CD3},741457,0,0
RA-2,https://handbook.dcoz.dc.gov/zones/residential-apartment/RA-2/,"Official Digital Zoning Map of July 1, 2010",Final,RA-2,Permits moderate and medium-density rowhouses and apartments,Residential Apartment Zone,,R-5-B,RA-2,{0B4AD67E-DB05-48C2-AEC3-A81217B916A2},741458,0,0
RA-2,https://handbook.dcoz.dc.gov/zones/residential-apartment/RA-2/,"Official Digital Zoning Map of July 1, 2010",Final,RA-2,Permits moderate and medium-density rowhouses and apartments,Residential Apartment Zone,,R-5-B,RA-2,{CB4F4835-9A8B-4B30-BAAC-454F13FE37F5},741459,0,0
RA-2,https://handbook.dcoz.dc.gov/zones/residential-apartment/RA-2/,"Official Digital Zoning Map of July 1, 2010",Final,RA-2,Permits moderate and medium-density rowhouses and apartments,Residential Apartment Zone,,R-5-B,RA-2,{DF98F51C-C027-4B6E-AE6F-5B5750C277C0},741460,0,0
RA-2,https://handbook.dcoz.dc.gov/zones/residential-apartment/RA-2/,"Official Digital Zoning Map of July 1, 2010",Final,RA-2,Permits moderate and medium-density rowhouses and apartments,Residential Apartment Zone,,R-5-B,RA-2,{40AEBB7E-37BA-4798-940E-5FA8D2F052C5},741461,0,0
RA-2,https://handbook.dcoz.dc.gov/zones/residential-apartment/RA-2/,"Official Digital Zoning Map of July 1, 2010",Final,RA-2,Permits moderate and medium-density rowhouses and apartments,Residential Apartment Zone,,R-5-B,RA-2,{6B705744-EFC9-4099-A5C4-A70F547FFED4},741462,0,0
RA-2,https://handbook.dcoz.dc.gov/zones/residential-apartment/RA-2/,"Official Digital Zoning Map of July 1, 2010",Final,RA-2,Permits moderate and medium-density rowhouses and apartments,Residential Apartment Zone,,R-5-B,RA-2,{00B7B4B5-8287-4E0C-9BBB-6D827C2642AD},741463,0,0
RA-2,https://handbook.dcoz.dc.gov/zones/residential-apartment/RA-2/,"Official Digital Zoning Map of July 1, 2010",Final,RA-2,Permits moderate and medium-density rowhouses and apartments,Residential Apartment Zone,,R-5-B,RA-2,{8191BBAC-532D-4740-84A8-02D1E45F3869},741464,0,0
RA-2,https://handbook.dcoz.dc.gov/zones/residential-apartment/RA-2/,"Official Digital Zoning Map of July 1, 2010",Final,RA-2,Permits moderate and medium-density rowhouses and apartments,Residential Apartment Zone,,R-5-B,RA-2,{4BA45BED-FD1E-45C1-9C09-B607ABD34433},741465,0,0
RA-1,https://handbook.dcoz.dc.gov/zones/residential-apartment/RA-1/,"Official Digital Zoning Map of July 1, 2010",Final,RA-1,"Permits low to moderate-density development, including detached dwellings, rowhouses, and low-rise apartments",Residential Apartment Zone,,R-5-A,RA-1,{27ECFFC5-72CB-4668-B68B-ABF5B36F0892},741466,0,0
RA-1,https://handbook.dcoz.dc.gov/zones/residential-apartment/RA-1/,"Official Digital Zoning Map of July 1, 2010",Final,RA-1,"Permits low to moderate-density development, including detached dwellings, rowhouses, and low-rise apartments",Residential Apartment Zone,,R-5-A,RA-1,{62E3B981-B434-45E6-A4ED-DF8021CF18A7},741467,0,0
RA-1,https://handbook.dcoz.dc.gov/zones/residential-apartment/RA-1/,"Official Digital Zoning Map of July 1, 2010",Final,RA-1,"Permits low to moderate-density development, including detached dwellings, rowhouses, and low-rise apartments",Residential Apartment Zone,,R-5-A,RA-1,{430C807F-39AF-4AE1-B401-E07BE8BA2D6A},741468,0,0
RA-1,https://handbook.dcoz.dc.gov/zones/residential-apartment/RA-1/,"Official Digital Zoning Map of July 1, 2010",Final,RA-1,"Permits low to moderate-density development, including detached dwellings, rowhouses, and low-rise apartments",Residential Apartment Zone,,R-5-A,RA-1,{72E73279-4261-4964-87A7-29206B6F279E},741469,0,0
RA-1,https://handbook.dcoz.dc.gov/zones/residential-apartment/RA-1/,"Official Digital Zoning Map of July 1, 2010",Final,RA-1,"Permits low to moderate-density development, including detached dwellings, rowhouses, and low-rise apartments",Residential Apartment Zone,,R-5-A,RA-1,{7C6F211E-2B36-41E6-8394-1CFB4C5CB219},741470,0,0
RA-1,https://handbook.dcoz.dc.gov/zones/residential-apartment/RA-1/,"Official Digital Zoning Map of July 1, 2010",Final,RA-1,"Permits low to moderate-density development, including detached dwellings, rowhouses, and low-rise apartments",Residential Apartment Zone,,R-5-A,RA-1,{6A75CF8F-731E-471C-960B-5821BDE9BE7B},741471,0,0
RA-1,https://handbook.dcoz.dc.gov/zones/residential-apartment/RA-1/,"Official Digital Zoning Map of July 1, 2010",Final,RA-1,"Permits low to moderate-density development, including detached dwellings, rowhouses, and low-rise apartments",Residential Apartment Zone,,R-5-A,RA-1,{5D2C1ABA-8578-42CD-AD1A-2E454CD94F93},741472,0,0
RA-1,https://handbook.dcoz.dc.gov/zones/residential-apartment/RA-1/,"Official Digital Zoning Map of July 1, 2010",Final,RA-1,"Permits low to moderate-density development, including detached dwellings, rowhouses, and low-rise apartments",Residential Apartment Zone,,R-5-A,RA-1,{DE618214-1762-4248-861E-93263736D79A},741473,0,0
RA-2,https://handbook.dcoz.dc.gov/zones/residential-apartment/RA-2/,"Official Digital Zoning Map of July 1, 2010",Final,RA-2,Permits moderate and medium-density rowhouses and apartments,Residential Apartment Zone,,R-5-B,RA-2,{570C81BB-CD96-4F7B-BFD3-1AD3BB8AC188},741474,0,0
RA-2,https://handbook.dcoz.dc.gov/zones/residential-apartment/RA-2/,"Official Digital Zoning Map of July 1, 2010",Final,RA-2,Permits moderate and medium-density rowhouses and apartments,Residential Apartment Zone,,R-5-B,RA-2,{6E865B48-CF46-4830-BDD4-D74A83B5D3B9},741475,0,0
RA-2,https://handbook.dcoz.dc.gov/zones/residential-apartment/RA-2/,"Official Digital Zoning Map of July 1, 2010",Final,RA-2,Permits moderate and medium-density rowhouses and apartments,Residential Apartment Zone,,R-5-B,RA-2,{827D4217-5DFF-4386-A6E4-D52C96CCC6F0},741476,0,0
RA-2,https://handbook.dcoz.dc.gov/zones/residential-apartment/RA-2/,"Official Digital Zoning Map of July 1, 2010",Final,RA-2,Permits moderate and medium-density rowhouses and apartments,Residential Apartment Zone,,R-5-B,RA-2,{1C2DEE8E-C5F3-4BD1-A3B4-BF95B12D979B},741477,0,0
RA-2,https://handbook.dcoz.dc.gov/zones/residential-apartment/RA-2/,"Official Digital Zoning Map of July 1, 2010",Final,RA-2,Permits moderate and medium-density rowhouses and apartments,Residential Apartment Zone,,R-5-B,RA-2,{701E9D9C-7D18-4033-BDDD-E3EB0BD78592},741478,0,0
RA-2,https://handbook.dcoz.dc.gov/zones/residential-apartment/RA-2/,"Official Digital Zoning Map of July 1, 2010",Final,RA-2,Permits moderate and medium-density rowhouses and apartments,Residential Apartment Zone,,R-5-B,RA-2,{87313935-71CE-413B-B7AF-4D539529B7B9},741479,0,0
RA-2,https://handbook.dcoz.dc.gov/zones/residential-apartment/RA-2/,"Official Digital Zoning Map of July 1, 2010",Final,RA-2,Permits moderate and medium-density rowhouses and apartments,Residential Apartment Zone,,R-5-B,RA-2,{21FD5AAF-3560-49D2-93EA-20DC8323C665},741480,0,0
RA-2,https://handbook.dcoz.dc.gov/zones/residential-apartment/RA-2/,"Official Digital Zoning Map of July 1, 2010",Final,RA-2,Permits moderate and medium-density rowhouses and apartments,Residential Apartment Zone,,R-5-B,RA-2,{A7E484B7-82D0-475F-A741-42BFA42A5C33},741481,0,0
RA-2,https://handbook.dcoz.dc.gov/zones/residential-apartment/RA-2/,"Official Digital Zoning Map of July 1, 2010",Final,RA-2,Permits moderate and medium-density rowhouses and apartments,Residential Apartment Zone,,R-5-B,RA-2,{F7E381FC-99CE-4F2F-BB23-66C34A7242ED},741482,0,0
RA-2,https://handbook.dcoz.dc.gov/zones/residential-apartment/RA-2/,"Official Digital Zoning Map of July 1, 2010",Final,RA-2,Permits moderate and medium-density rowhouses and apartments,Residential Apartment Zone,,R-5-B,RA-2,{9E5E52E0-33F2-4D68-B78C-B65A9B76898F},741483,0,0
RA-2,https://handbook.dcoz.dc.gov/zones/residential-apartment/RA-2/,"Official Digital Zoning Map of July 1, 2010",Final,RA-2,Permits moderate and medium-density rowhouses and apartments,Residential Apartment Zone,,R-5-B,RA-2,{E12776C9-BACE-41D7-8818-6572797FA168},741484,0,0
RA-2,https://handbook.dcoz.dc.gov/zones/residential-apartment/RA-2/,"Official Digital Zoning Map of July 1, 2010",Final,RA-2,Permits moderate and medium-density rowhouses and apartments,Residential Apartment Zone,,R-5-B,RA-2,{89E022BF-07AD-4D98-9DAA-680CAB0F4BD4},741485,0,0
R-1-B,https://handbook.dcoz.dc.gov/zones/residential/R-1-B/,"Fixed mapping error in Square 1282 on March 13, 2012",Final,R-1-B,Provides areas predominantly developed with detached houses on moderately sized lots.,Residential Zone,,R-1-B,R-1-B,{5BA888E7-7A9F-4F84-ACC4-1F4FEEC58B97},741486,0,0
MU-27,https://handbook.dcoz.dc.gov/zones/mixed-use/MU-27/,"Fixed mapping error on March 13, 2012 by Naval observatory to match 1996 official zoning map; Fixed mapping error in Square 1300 on April 20, 2012",Final,MU-27,Permits moderate density mixed-use development in the vicinity of the U.S. Naval Observatory,Mixed-Use Zone,,NO/C-2-A,MU-27,{FDF73CD6-A005-4F77-AEBD-6A6575BF50D6},741487,0,0
R-19,https://handbook.dcoz.dc.gov/zones/residential/R-19/,,,R-19,Permits detached houses on moderately-sized lots,Residential Zone,,NEW ZONE,R-19,{6FE4B600-2973-4D1E-BCCC-EEFF60350C90},741488,0,0
RA-2,https://handbook.dcoz.dc.gov/zones/residential-apartment/RA-2/,"Official Digital Zoning Map of July 1, 2010",Final,RA-2,Permits moderate and medium-density rowhouses and apartments,Residential Apartment Zone,,R-5-B,RA-2,{E2BA832D-73DE-4931-9F51-5C9AA9539BEB},741489,0,0
UNZONED,https://handbook.dcoz.dc.gov/,"Rechanged to Unzoned 3/15/17, Federal Land",Final,UNZONED,Unzoned,Unzoned,,UNZONED,UNZONED,{368AADAE-4FCD-4A91-A561-33E8E786E5FB},741490,0,0
RA-2,https://handbook.dcoz.dc.gov/zones/residential-apartment/RA-2/,"Official Digital Zoning Map of July 1, 2010",Final,RA-2,Permits moderate and medium-density rowhouses and apartments,Residential Apartment Zone,,R-5-B,RA-2,{EBFD0D76-3EB4-4C0C-9357-41E12DB6F0DA},741491,0,0
RA-2,https://handbook.dcoz.dc.gov/zones/residential-apartment/RA-2/,"Official Digital Zoning Map of July 1, 2010",Final,RA-2,Permits moderate and medium-density rowhouses and apartments,Residential Apartment Zone,,R-5-B,RA-2,{79DA25FB-526A-4A22-AE75-E8332964E6FB},741492,0,0
RA-2,https://handbook.dcoz.dc.gov/zones/residential-apartment/RA-2/,"Official Digital Zoning Map of July 1, 2010",Final,RA-2,Permits moderate and medium-density rowhouses and apartments,Residential Apartment Zone,,R-5-B,RA-2,{D2C3E202-FFA6-4096-BF2A-14FA1518104C},741493,0,0
RA-2,https://handbook.dcoz.dc.gov/zones/residential-apartment/RA-2/,"Official Digital Zoning Map of July 1, 2010",Final,RA-2,Permits moderate and medium-density rowhouses and apartments,Residential Apartment Zone,,R-5-B,RA-2,{10497016-DC3D-4EE3-BF00-73CDCE931F02},741494,0,0
RF-1,https://handbook.dcoz.dc.gov/zones/residential-flat/RF-1/,"Official Digital Zoning Map of July 1, 2010",Final,RF-1,Permits development of attached rowhouses on small lots,Residential Flat Zone,,R-4,RF-1,{59D3AED7-32F7-4728-9489-3A5247DD2F8C},741495,0,0
RF-1,https://handbook.dcoz.dc.gov/zones/residential-flat/RF-1/,"Official Digital Zoning Map of July 1, 2010",Final,RF-1,Permits development of attached rowhouses on small lots,Residential Flat Zone,,R-4,RF-1,{6192D879-018A-41D8-95B1-5190B5370A81},741496,0,0
RF-1,https://handbook.dcoz.dc.gov/zones/residential-flat/RF-1/,"Official Digital Zoning Map of July 1, 2010",Final,RF-1,Permits development of attached rowhouses on small lots,Residential Flat Zone,,R-4,RF-1,{02382BBA-4408-4CC9-9990-8E6FD4820B51},741497,0,0
RF-1,https://handbook.dcoz.dc.gov/zones/residential-flat/RF-1/,"Official Digital Zoning Map of July 1, 2010",Final,RF-1,Permits development of attached rowhouses on small lots,Residential Flat Zone,,R-4,RF-1,{62F9D46B-03B4-40E7-8394-493C5C0BBF73},741498,0,0
RF-1,https://handbook.dcoz.dc.gov/zones/residential-flat/RF-1/,"Official Digital Zoning Map of July 1, 2010",Final,RF-1,Permits development of attached rowhouses on small lots,Residential Flat Zone,,R-4,RF-1,{AC150353-B5B0-42B4-9297-7E61C170C4ED},741499,0,0
RF-1,https://handbook.dcoz.dc.gov/zones/residential-flat/RF-1/,"Official Digital Zoning Map of July 1, 2010",Final,RF-1,Permits development of attached rowhouses on small lots,Residential Flat Zone,,R-4,RF-1,{91E27108-D0EC-4923-B558-FE7CE0ED9F22},741500,0,0
RF-1,https://handbook.dcoz.dc.gov/zones/residential-flat/RF-1/,"Official Digital Zoning Map of July 1, 2010",Final,RF-1,Permits development of attached rowhouses on small lots,Residential Flat Zone,,R-4,RF-1,{FE966B84-5B81-467B-ABB5-30973B3350DC},741501,0,0
RF-1,https://handbook.dcoz.dc.gov/zones/residential-flat/RF-1/,"Official Digital Zoning Map of July 1, 2010",Final,RF-1,Permits development of attached rowhouses on small lots,Residential Flat Zone,,R-4,RF-1,{7A1B0B66-D339-4557-ACF7-7D7A77001848},741502,0,0
RF-1,https://handbook.dcoz.dc.gov/zones/residential-flat/RF-1/,"Official Digital Zoning Map of July 1, 2010",Final,RF-1,Permits development of attached rowhouses on small lots,Residential Flat Zone,,R-4,RF-1,{380FAD30-6C73-4C88-AD3E-AF78B67AACC9},741503,0,0
RF-1,https://handbook.dcoz.dc.gov/zones/residential-flat/RF-1/,"Official Digital Zoning Map of July 1, 2010",Final,RF-1,Permits development of attached rowhouses on small lots,Residential Flat Zone,,R-4,RF-1,{947E228B-26CB-47C9-9BC9-606DA80DF038},741504,0,0
RF-1,https://handbook.dcoz.dc.gov/zones/residential-flat/RF-1/,"Official Digital Zoning Map of July 1, 2010",Final,RF-1,Permits development of attached rowhouses on small lots,Residential Flat Zone,,R-4,RF-1,{FD66AF95-BEDC-44EC-9475-4750CF8E770C},741505,0,0
RF-1,https://handbook.dcoz.dc.gov/zones/residential-flat/RF-1/,"Official Digital Zoning Map of July 1, 2010",Final,RF-1,Permits development of attached rowhouses on small lots,Residential Flat Zone,,R-4,RF-1,{B35C00CD-9C45-4D16-8224-5447CE13F4A9},741506,0,0
RF-1,https://handbook.dcoz.dc.gov/zones/residential-flat/RF-1/,"Official Digital Zoning Map of July 1, 2010",Final,RF-1,Permits development of attached rowhouses on small lots,Residential Flat Zone,,R-4,RF-1,{EE25D5E7-90CA-4C0B-8020-A9159CCEB839},741507,0,0
RF-1,https://handbook.dcoz.dc.gov/zones/residential-flat/RF-1/,"Official Digital Zoning Map of July 1, 2010",Final,RF-1,Permits development of attached rowhouses on small lots,Residential Flat Zone,,R-4,RF-1,{CEE23391-38BA-4433-B1C6-5F4D46AA56CF},741508,0,0
RF-1,https://handbook.dcoz.dc.gov/zones/residential-flat/RF-1/,"Official Digital Zoning Map of July 1, 2010",Final,RF-1,Permits development of attached rowhouses on small lots,Residential Flat Zone,,R-4,RF-1,{AD5A6896-AC0F-49C7-8255-2D6815F03116},741509,0,0
RF-1,https://handbook.dcoz.dc.gov/zones/residential-flat/RF-1/,"Official Digital Zoning Map of July 1, 2010",Final,RF-1,Permits development of attached rowhouses on small lots,Residential Flat Zone,,R-4,RF-1,{DA785125-390F-4C6E-9A4B-17BAC0C871E8},741510,0,0
RF-1,https://handbook.dcoz.dc.gov/zones/residential-flat/RF-1/,"Official Digital Zoning Map of July 1, 2010",Final,RF-1,Permits development of attached rowhouses on small lots,Residential Flat Zone,,R-4,RF-1,{DDD9C738-E838-4BE1-BCAF-3958251F9FFB},741511,0,0
RF-1,https://handbook.dcoz.dc.gov/zones/residential-flat/RF-1/,"Official Digital Zoning Map of July 1, 2010",Final,RF-1,Permits development of attached rowhouses on small lots,Residential Flat Zone,,R-4,RF-1,{6ECF0091-7FF5-49B2-8DC0-D7EFE2A0599D},741512,0,0
RF-1,https://handbook.dcoz.dc.gov/zones/residential-flat/RF-1/,"Official Digital Zoning Map of July 1, 2010",Final,RF-1,Permits development of attached rowhouses on small lots,Residential Flat Zone,,R-4,RF-1,{3BA28FEB-599F-4E0C-8B28-2245FC6C7978},741513,0,0
RF-1,https://handbook.dcoz.dc.gov/zones/residential-flat/RF-1/,"5/14/19 - Correction to 2003 Map Error, boundary shift to add Lots 822, 817, and 818 to RF-1",Final,RF-1,Permits development of attached rowhouses on small lots,Residential Flat Zone,,R-4,RF-1,{994EC025-30D4-48E1-9857-B4339FBBB970},741514,0,0
RF-1,https://handbook.dcoz.dc.gov/zones/residential-flat/RF-1/,"Official Digital Zoning Map of July 1, 2010",Final,RF-1,Permits development of attached rowhouses on small lots,Residential Flat Zone,,R-4,RF-1,{F0966D9A-71EF-4FCA-B29C-25EA2721F525},741515,0,0
RF-1,https://handbook.dcoz.dc.gov/zones/residential-flat/RF-1/,"Official Digital Zoning Map of July 1, 2010",Final,RF-1,Permits development of attached rowhouses on small lots,Residential Flat Zone,,R-4,RF-1,{C21A2810-4CC4-4BEE-AC66-717ACEB70F24},741516,0,0
RF-1,https://handbook.dcoz.dc.gov/zones/residential-flat/RF-1/,"Official Digital Zoning Map of July 1, 2010",Final,RF-1,Permits development of attached rowhouses on small lots,Residential Flat Zone,,R-4,RF-1,{2A2D9E7A-8612-41FA-8FE4-9427E4DB5C04},741517,0,0
RF-1,https://handbook.dcoz.dc.gov/zones/residential-flat/RF-1/,"Official Digital Zoning Map of July 1, 2010",Final,RF-1,Permits development of attached rowhouses on small lots,Residential Flat Zone,,R-4,RF-1,{BBA12E0D-9274-4278-90A8-049DBD4A054A},741518,0,0
RF-1,https://handbook.dcoz.dc.gov/zones/residential-flat/RF-1/,"Official Digital Zoning Map of July 1, 2010",Final,RF-1,Permits development of attached rowhouses on small lots,Residential Flat Zone,,R-4,RF-1,{8AB4F64E-F4A8-42DE-9D73-D9F65F66E67F},741519,0,0
RF-1,https://handbook.dcoz.dc.gov/zones/residential-flat/RF-1/,"Official Digital Zoning Map of July 1, 2010",Final,RF-1,Permits development of attached rowhouses on small lots,Residential Flat Zone,,R-4,RF-1,{7DB5A843-BA94-4B8A-A8F0-CC214F9D1AE3},741520,0,0
RF-1,https://handbook.dcoz.dc.gov/zones/residential-flat/RF-1/,"Official Digital Zoning Map of July 1, 2010",Final,RF-1,Permits development of attached rowhouses on small lots,Residential Flat Zone,,R-4,RF-1,{4AE57D2E-6BDA-45FE-8A1D-AB7967BB42FE},741521,0,0
RF-1,https://handbook.dcoz.dc.gov/zones/residential-flat/RF-1/,"Official Digital Zoning Map of July 1, 2010",Final,RF-1,Permits development of attached rowhouses on small lots,Residential Flat Zone,,R-4,RF-1,{CF319F7C-2691-43F9-B483-9A8814534253},741522,0,0
RF-1,https://handbook.dcoz.dc.gov/zones/residential-flat/RF-1/,"Official Digital Zoning Map of July 1, 2010",Final,RF-1,Permits development of attached rowhouses on small lots,Residential Flat Zone,,R-4,RF-1,{8E4DAFA2-8311-44CD-88DC-A583BFE2B1FF},741523,0,0
RF-1,https://handbook.dcoz.dc.gov/zones/residential-flat/RF-1/,"Official Digital Zoning Map of July 1, 2010",Final,RF-1,Permits development of attached rowhouses on small lots,Residential Flat Zone,,R-4,RF-1,{1972B059-89C2-4285-8FDD-DD9DA87C6B48},741524,0,0
RF-1,https://handbook.dcoz.dc.gov/zones/residential-flat/RF-1/,"Official Digital Zoning Map of July 1, 2010",Final,RF-1,Permits development of attached rowhouses on small lots,Residential Flat Zone,,R-4,RF-1,{F053A5D7-DB8E-42D0-99EA-361F63D398AA},741525,0,0
RF-1,https://handbook.dcoz.dc.gov/zones/residential-flat/RF-1/,"Official Digital Zoning Map of July 1, 2010",Final,RF-1,Permits development of attached rowhouses on small lots,Residential Flat Zone,,R-4,RF-1,{A5486C4F-8EA7-4348-AD7E-781874E7813E},741526,0,0
RF-1,https://handbook.dcoz.dc.gov/zones/residential-flat/RF-1/,"Official Digital Zoning Map of July 1, 2010",Final,RF-1,Permits development of attached rowhouses on small lots,Residential Flat Zone,,R-4,RF-1,{43EADD0E-465E-45DA-839C-F312C708F0BE},741527,0,0
RF-1,https://handbook.dcoz.dc.gov/zones/residential-flat/RF-1/,"Official Digital Zoning Map of July 1, 2010",Final,RF-1,Permits development of attached rowhouses on small lots,Residential Flat Zone,,R-4,RF-1,{4B1DA53E-83CC-4402-82D2-4056FC8FF5F9},741528,0,0
RF-1,https://handbook.dcoz.dc.gov/zones/residential-flat/RF-1/,"Official Digital Zoning Map of July 1, 2010",Final,RF-1,Permits development of attached rowhouses on small lots,Residential Flat Zone,,R-4,RF-1,{4A9CFCBB-D1F2-4300-AB38-DA1B2C9948B0},741529,0,0
RF-1,https://handbook.dcoz.dc.gov/zones/residential-flat/RF-1/,"Official Digital Zoning Map of July 1, 2010",Final,RF-1,Permits development of attached rowhouses on small lots,Residential Flat Zone,,R-4,RF-1,{CCAAEE95-24C6-4BEC-8AC4-9D8A82C6B925},741530,0,0
RF-1,https://handbook.dcoz.dc.gov/zones/residential-flat/RF-1/,"Official Digital Zoning Map of July 1, 2010",Final,RF-1,Permits development of attached rowhouses on small lots,Residential Flat Zone,,R-4,RF-1,{7702D87D-0499-4F9C-8E4B-6018A73D10FA},741531,0,0
RF-1,https://handbook.dcoz.dc.gov/zones/residential-flat/RF-1/,"Official Digital Zoning Map of July 1, 2010",Final,RF-1,Permits development of attached rowhouses on small lots,Residential Flat Zone,,R-4,RF-1,{9330C4F5-9169-4CCF-8218-339BAB523E6F},741532,0,0
RF-1,https://handbook.dcoz.dc.gov/zones/residential-flat/RF-1/,"Official Digital Zoning Map of July 1, 2010",Final,RF-1,Permits development of attached rowhouses on small lots,Residential Flat Zone,,R-4,RF-1,{73C762C3-3885-425B-821E-242809C4EB32},741533,0,0
RF-1,https://handbook.dcoz.dc.gov/zones/residential-flat/RF-1/,"Official Digital Zoning Map of July 1, 2010",Final,RF-1,Permits development of attached rowhouses on small lots,Residential Flat Zone,,R-4,RF-1,{0FF1388A-89C4-41BB-A8BB-6FBD0B0B80C1},741534,0,0
RF-1,https://handbook.dcoz.dc.gov/zones/residential-flat/RF-1/,"Official Digital Zoning Map of July 1, 2010",Final,RF-1,Permits development of attached rowhouses on small lots,Residential Flat Zone,,R-4,RF-1,{68D83614-5101-407E-8F0D-7FFCDF72F895},741535,0,0
RF-1,https://handbook.dcoz.dc.gov/zones/residential-flat/RF-1/,"Official Digital Zoning Map of July 1, 2010",Final,RF-1,Permits development of attached rowhouses on small lots,Residential Flat Zone,,R-4,RF-1,{B9054FD6-EADD-4918-BFDC-1A8A8757AD9D},741536,0,0
RF-1,https://handbook.dcoz.dc.gov/zones/residential-flat/RF-1/,"Official Digital Zoning Map of July 1, 2010",Final,RF-1,Permits development of attached rowhouses on small lots,Residential Flat Zone,,R-4,RF-1,{DF8BA139-005C-4953-A173-696A8EE22717},741537,0,0
RF-1,https://handbook.dcoz.dc.gov/zones/residential-flat/RF-1/,"Official Digital Zoning Map of July 1, 2010",Final,RF-1,Permits development of attached rowhouses on small lots,Residential Flat Zone,,R-4,RF-1,{FA561723-0CB8-472A-84BF-AB217C47BCBA},741538,0,0
RF-1,https://handbook.dcoz.dc.gov/zones/residential-flat/RF-1/,"Official Digital Zoning Map of July 1, 2010",Final,RF-1,Permits development of attached rowhouses on small lots,Residential Flat Zone,,R-4,RF-1,{7CB546AC-20E3-415A-82C8-7EA5304B9025},741539,0,0
RF-1,https://handbook.dcoz.dc.gov/zones/residential-flat/RF-1/,"Official Digital Zoning Map of July 1, 2010",Final,RF-1,Permits development of attached rowhouses on small lots,Residential Flat Zone,,R-4,RF-1,{EC0984BB-303E-4E35-9E85-673DFC5432AB},741540,0,0
RF-1,https://handbook.dcoz.dc.gov/zones/residential-flat/RF-1/,"Official Digital Zoning Map of July 1, 2010",Final,RF-1,Permits development of attached rowhouses on small lots,Residential Flat Zone,,R-4,RF-1,{F684758E-2651-4283-BA99-06C5450D4BA7},741541,0,0
RF-1,https://handbook.dcoz.dc.gov/zones/residential-flat/RF-1/,"Official Digital Zoning Map of July 1, 2010",Final,RF-1,Permits development of attached rowhouses on small lots,Residential Flat Zone,,R-4,RF-1,{58DDF789-A2D7-42F4-8977-96A5AAA5DAA2},741542,0,0
RF-1,https://handbook.dcoz.dc.gov/zones/residential-flat/RF-1/,"Official Digital Zoning Map of July 1, 2010",Final,RF-1,Permits development of attached rowhouses on small lots,Residential Flat Zone,,R-4,RF-1,{BA82A2D1-EE95-4189-BC35-84C9D79D8A58},741543,0,0
MU-3A,https://handbook.dcoz.dc.gov/zones/mixed-use/MU-3/,"Official Digital Zoning Map of July 1, 2010",Final,MU-3A,Permits low density mixed use development ,Mixed-Use Zone,,C-1,MU-3A,{754B9FFC-DEE4-448D-A562-1149FC1FB43E},741544,0,0
R-1-B,https://handbook.dcoz.dc.gov/zones/residential/R-1-B/,"Official Digital Zoning Map of July 1, 2010",Final,R-1-B,Provides areas predominantly developed with detached houses on moderately sized lots.,Residential Zone,,R-1-B,R-1-B,{0E5AC2BB-B875-4AD5-AF2E-40B9B723CFAE},741545,0,0
MU-3A,https://handbook.dcoz.dc.gov/zones/mixed-use/MU-3/,"Official Digital Zoning Map of July 1, 2010",Final,MU-3A,Permits low density mixed use development ,Mixed-Use Zone,,C-1,MU-3A,{237C568B-87C8-4F48-84C9-D7378D0CB126},741546,0,0
MU-4,https://handbook.dcoz.dc.gov/zones/mixed-use/MU-4/,"Fixed mapping error in Sq. 1209,1218 and 1280 on 3/13/12; Fixed mapping error in Sq. 1295 to match official zoning records on 4/20/12; fixed mapping error in Sq. 1194 on 4/24/12; fixed mapping error in Sq. 1197, Lot 70 via Baist Book on 3/7/13;",Final,MU-4,Permits moderate density mixed use development,Mixed-Use Zone,,C-2-A,MU-4,{E98CDA3B-8F01-4F37-92FA-1D474400C7E2},741547,0,0
PDR-1,https://handbook.dcoz.dc.gov/zones/production-distribution-and-repair/pdr-1/,"Official Digital Zoning Map of July 1, 2010",Final,PDR-1,"Permits moderate density commercial and production, distribution, and repair activities requiring some heavy machinery","Production, Distribution, and Repair Zone",,C-M-1,PDR-1,{D7FC0ED9-5C72-4A3A-9693-0D1633E15699},741548,0,0
MU-12,https://handbook.dcoz.dc.gov/zones/mixed-use/MU-12/,"Zoning Correction made on March 12, 2012 in Square 1183, 1184, 1185, 1190 and 1191 to match DCGIS Baist Map; Corrected Sq. 1197, Lot 70 due to mapping error, fixed via Baist Book",Final,MU-12,Permits moderate density mixed-use development in the vicinity of the waterfront,Mixed-Use Zone,,W-1,MU-12,{B93B9DF2-487E-4218-A564-718B320B35D8},741549,0,0
MU-3A,https://handbook.dcoz.dc.gov/zones/mixed-use/MU-3/,"Official Digital Zoning Map of July 1, 2010",Final,MU-3A,Permits low density mixed use development ,Mixed-Use Zone,,C-1,MU-3A,{F58084F0-6451-44D3-A3BC-209ACFEDC348},741550,0,0
RA-2,https://handbook.dcoz.dc.gov/zones/residential-apartment/RA-2/,"Official Digital Zoning Map of July 1, 2010",Final,RA-2,Permits moderate and medium-density rowhouses and apartments,Residential Apartment Zone,,R-5-B,RA-2,{939C00DC-9DD4-4262-AF2F-35AFA77B496F},741551,0,0
RF-4,https://handbook.dcoz.dc.gov/zones/residential-flat/RF-4/,"MA from RA-2 to RF-4, Case 19-30",Final,RF-4,Provide for areas with attached row houses of 3 or more stories and a mix of apartment buildings,Residential Flat Zone,,NEW ZONE,RF-4,{AC8E3F18-0B6B-4600-9BAD-035BF36AAA17},741552,0,0
MU-3A,https://handbook.dcoz.dc.gov/zones/mixed-use/MU-3/,"Official Digital Zoning Map of July 1, 2010",Final,MU-3A,Permits low density mixed use development ,Mixed-Use Zone,,C-1,MU-3A,{D010BAE1-09E6-401A-9474-11A07C789B5C},741553,0,0
MU-4,https://handbook.dcoz.dc.gov/zones/mixed-use/MU-4/,"Misc map corrections in Square 4131, 4133, 4134 on March 26, 2012; Misc map corrections in Square 4208 on March 27, 2012, Zoning boundary fixed in Square 4217N on March 27, 2012 to match official zoning records",Final,MU-4,Permits moderate density mixed use development,Mixed-Use Zone,,C-2-A,MU-4,{570319E3-37A9-4CFB-B07D-90EADC1E46EC},741554,0,0
MU-5A,https://handbook.dcoz.dc.gov/zones/mixed-use/MU-5/,"ZC 22-02, MA from MU-4 and RA-2 to MU-5A (IZ+)",Final,MU-5A (IZ+),"Permits medium density, compact mixed-use development with an emphasis on residential use",Mixed-Use Zone,IZ+,C-2-B,MU-5A,{EC49E512-E400-411B-B8CF-DFC1379C4EF0},741555,0,0
PDR-1,https://handbook.dcoz.dc.gov/zones/production-distribution-and-repair/pdr-1/,"Official Digital Zoning Map of July 1, 2010",Final,PDR-1,"Permits moderate density commercial and production, distribution, and repair activities requiring some heavy machinery","Production, Distribution, and Repair Zone",,C-M-1,PDR-1,{A0FDF85B-BEA4-4434-8DCA-1593844C0D78},741556,0,0
R-1-B,https://handbook.dcoz.dc.gov/zones/residential/R-1-B/,"Official Digital Zoning Map of July 1, 2010",Final,R-1-B,Provides areas predominantly developed with detached houses on moderately sized lots.,Residential Zone,,D/R-1-B,R-1-B,{E3855933-BC62-441F-BFF5-290A1D203C1A},741557,0,0
NC-14,https://handbook.dcoz.dc.gov/zones/neighborhood-mixed-use/nc-14/,"Official Digital Zoning Map of July 1, 2010",Final,NC-14,Permits mixed-use development at a moderate density with an emphasis on arts and arts-related uses,Neighborhood Mixed-Use Zone,,HS-A/C-2-A,NC-14,{6BDBF177-C7F6-465D-A505-CD44C8E26DC9},741558,0,0
R-3,https://handbook.dcoz.dc.gov/zones/residential/R-3/,"Official Digital Zoning Map of July 1, 2010",Final,R-3,"Allows for attached rowhouses on small lots and row dwellings mingled with detached, semi-detached, and groupings of three or more row dwellings",Residential Zone,,R-3,R-3,{29523DAA-DADD-4995-97F9-25D4A182CBBF},741559,0,0
RA-1,https://handbook.dcoz.dc.gov/zones/residential-apartment/RA-1/,"Official Digital Zoning Map of July 1, 2010",Final,RA-1,"Permits low to moderate-density development, including detached dwellings, rowhouses, and low-rise apartments",Residential Apartment Zone,,R-5-A,RA-1,{DA215C82-FCCD-4F14-8D9F-3E6ED6363C50},741560,0,0
RF-1,https://handbook.dcoz.dc.gov/zones/residential-flat/RF-1/,"Official Digital Zoning Map of July 1, 2010; Boundary error edits 7/22/2021 near Congressional Cemetery and RES 13.",Final,RF-1,Permits development of attached rowhouses on small lots,Residential Flat Zone,,R-4,RF-1,{9927760C-BD2F-43A9-B735-3C11808318F8},741561,0,0
R-19,https://handbook.dcoz.dc.gov/zones/residential/R-19/,,,R-19,Permits detached houses on moderately-sized lots,Residential Zone,,NEW ZONE,R-19,{686655B8-C418-4E4C-B1C1-B431128BC70B},741562,0,0
R-19,https://handbook.dcoz.dc.gov/zones/residential/R-19/,,,R-19,Permits detached houses on moderately-sized lots,Residential Zone,,NEW ZONE,R-19,{B7F20775-5977-42C0-B514-4EAC5D3521AA},741563,0,0
R-20,https://handbook.dcoz.dc.gov/zones/residential/R-20/,,,R-20,"Preserves mix of detached, semi-detached and attached dwellings and permits attached row houses on small lots",Residential Zone,,NEW ZONE,R-20,{EDF24E09-D17D-44AA-814E-277CBFB3E498},741564,0,0
R-20,https://handbook.dcoz.dc.gov/zones/residential/R-20/,,,R-20,"Preserves mix of detached, semi-detached and attached dwellings and permits attached row houses on small lots",Residential Zone,,NEW ZONE,R-20,{F81A10AB-137C-4FBA-8120-AA57CF0A02C5},741565,0,0
R-3,https://handbook.dcoz.dc.gov/zones/residential/R-3/,"Official Digital Zoning Map of July 1, 2010",Final,R-3,"Allows for attached rowhouses on small lots and row dwellings mingled with detached, semi-detached, and groupings of three or more row dwellings",Residential Zone,,R-3,R-3,{31F758C0-2DC5-4882-977E-5CA0814E13AC},741566,0,0
RA-1,https://handbook.dcoz.dc.gov/zones/residential-apartment/RA-1/,"Official Digital Zoning Map of July 1, 2010",Final,RA-1,"Permits low to moderate-density development, including detached dwellings, rowhouses, and low-rise apartments",Residential Apartment Zone,,R-5-A,RA-1,{FD915681-8188-442B-8C5D-311C6F2C83E5},741567,0,0
RA-2,https://handbook.dcoz.dc.gov/zones/residential-apartment/RA-2/,"Official Digital Zoning Map of July 1, 2010",Final,RA-2,Permits moderate and medium-density rowhouses and apartments,Residential Apartment Zone,,R-5-B,RA-2,{F4F978D4-40C0-4A7B-BDFD-3CCC495FE71A},741568,0,0
R-1-B,https://handbook.dcoz.dc.gov/zones/residential/R-1-B/,"Official Digital Zoning Map of July 1, 2010",Final,R-1-B,Provides areas predominantly developed with detached houses on moderately sized lots.,Residential Zone,,D/R-1-B,R-1-B,{268EDC50-EC62-4F16-B1AE-42B6D12879CD},741569,0,0
R-1-B,https://handbook.dcoz.dc.gov/zones/residential/R-1-B/,"Official Digital Zoning Map of July 1, 2010",Final,R-1-B,Provides areas predominantly developed with detached houses on moderately sized lots.,Residential Zone,,D/R-1-B,R-1-B,{1C499308-6AAB-48F6-952D-8DCE409752D5},741570,0,0
WR-8,https://handbook.dcoz.dc.gov/zones/special-purpose-zones/Walter-Reed/WR-8/,Zoning Order 14-22,Final,WR-8,Supports the Development of the former Walter Reed Army Site,Special Purpose Zone,,WR-8,WR-8,{C5798214-ACD6-4516-B6BF-CFBC6841919B},741571,0,0
WR-5,https://handbook.dcoz.dc.gov/zones/special-purpose-zones/Walter-Reed/WR-5/,Zoning Order 14-22,Final,WR-5,Supports the Development of the former Walter Reed Army Site,Special Purpose Zone,,WR-5,WR-5,{691841CC-36AF-4022-BC16-8E757C3DC00B},741572,0,0
WR-3,https://handbook.dcoz.dc.gov/zones/special-purpose-zones/Walter-Reed/WR-3/,Zoning Order 14-22,Final,WR-3,Supports the Development of the former Walter Reed Army Site,Special Purpose Zone,,WR-3,WR-3,{04FEF286-7E3E-4ABC-A0B2-4908585D0C28},741573,0,0
WR-5,https://handbook.dcoz.dc.gov/zones/special-purpose-zones/Walter-Reed/WR-5/,Zoning Order 14-22,Final,WR-5,Supports the Development of the former Walter Reed Army Site,Special Purpose Zone,,WR-5,WR-5,{303ABF99-DFAB-4E79-96BD-C4DFD5A284E0},741574,0,0
WR-2,https://handbook.dcoz.dc.gov/zones/special-purpose-zones/Walter-Reed/WR-2/,"Zoning Order 14-22, West boundary edited to match property line 4/29/2021",Final,WR-2,Supports the Development of the former Walter Reed Army Site,Special Purpose Zone,,WR-2,WR-2,{EB92FE0F-0D80-49F0-AAED-DE29B718CAAC},741575,0,0
WR-1,https://handbook.dcoz.dc.gov/zones/special-purpose-zones/Walter-Reed/WR-1/,"Zoning Order 14-22, West boundary edited to match property line 4/29/2021",Final,WR-1,Supports the Development of the former Walter Reed Army Site,Special Purpose Zone,,WR-1,WR-1,{1989B5A4-6463-49F6-B5EA-CE494B70DCB0},741576,0,0
MU-4,https://handbook.dcoz.dc.gov/zones/mixed-use/MU-4/,Map Amendment,Final,MU-4,Permits moderate density mixed use development,Mixed-Use Zone,,C-2-A,MU-4,{D80799CC-2932-4153-ACD1-5C127D8D9793},741577,0,0
RA-2,https://handbook.dcoz.dc.gov/zones/residential-apartment/RA-2/,Map Amendment,Final,RA-2,Permits moderate and medium-density rowhouses and apartments,Residential Apartment Zone,,R-5-B,RA-2,{62EA8C0E-9C38-42AD-AAA2-0CAA31CBF975},741578,0,0
MU-9B,https://handbook.dcoz.dc.gov/zones/mixed-use/mu-9/,"Map Amendment 01-22; ZC 21-08 renamed zone from MU-9 to MU-9B",Final,MU-9B,"Permit high-density mixed-use development including office, retail, and housing, with a focus on employment",Mixed-Use Zone,,C-3-C,MU-9B,{960767AB-FB09-4BA3-84BE-6506EB4863A7},741579,0,0
MU-5B,https://handbook.dcoz.dc.gov/zones/mixed-use/MU-5B/,C-2-B-1 (new zone...),Final,MU-5B,"Permits medium-density, compact mixed-use development with an emphasis on residential use",Mixed-Use Zone,,C-2-B-1,MU-5B,{BD65EAFF-2EF8-4113-87EE-D4C9FB4B49A6},741580,0,0
RF-1,https://handbook.dcoz.dc.gov/zones/residential-flat/RF-1/,ZC Case 15-09,Final,RF-1,provide for areas predominantly developed with attached row houses on small lots,Residential Flat Zone,,R-4,RF-1,{A8E677A8-F49A-43A6-A050-919B36404BD5},741581,0,0
RF-1,https://handbook.dcoz.dc.gov/zones/residential-flat/RF-1/,ZC Case 15-09,Final,RF-1,provide for areas predominantly developed with attached row houses on small lots,Residential Flat Zone,,R-4,RF-1,{EA0D7726-ED8A-46C4-A25F-0CE655D8E529},741582,0,0
RA-2,https://handbook.dcoz.dc.gov/zones/residential-apartment/RA-2/,"Official Digital Zoning Map of July 1, 2010",Final,RA-2,Permits moderate and medium-density rowhouses and apartments,Residential Apartment Zone,,R-5-B,RA-2,{FCBEF1FF-5EBD-45AD-9673-AB018E0EAD0D},741583,0,0
RA-2,https://handbook.dcoz.dc.gov/zones/residential-apartment/RA-2/,"Official Digital Zoning Map of July 1, 2010",Final,RA-2,Permits moderate and medium-density rowhouses and apartments,Residential Apartment Zone,,R-5-B,RA-2,{B0BE8511-FEB6-450C-9EBE-39EE3171BEFF},741584,0,0
RA-2,https://handbook.dcoz.dc.gov/zones/residential-apartment/RA-2/,"Official Digital Zoning Map of July 1, 2010",Final,RA-2,Permits moderate and medium-density rowhouses and apartments,Residential Apartment Zone,,R-5-B,RA-2,{DAC50E09-8FEE-4306-8919-80AB949BE65F},741585,0,0
RF-1,https://handbook.dcoz.dc.gov/zones/residential-flat/RF-1/,ZC Case 15-09,Final,RF-1,provide for areas predominantly developed with attached row houses on small lots,Residential Flat Zone,,R-4,RF-1,{4A2D7A64-44FD-472D-8195-16550F2C8A7C},741586,0,0
RF-1,https://handbook.dcoz.dc.gov/zones/residential-flat/RF-1/,ZC Case 15-09,Final,RF-1,provide for areas predominantly developed with attached row houses on small lots,Residential Flat Zone,,R-4,RF-1,{09A3E96A-A758-4014-AD4F-B8B3AB9404DE},741587,0,0
RA-2,https://handbook.dcoz.dc.gov/zones/residential-apartment/RA-2/,"Official Digital Zoning Map of July 1, 2010",Final,RA-2,Permits moderate and medium-density rowhouses and apartments,Residential Apartment Zone,,R-5-B,RA-2,{10B1AFC9-19B2-4EFC-A8BD-D1E9165DE835},741588,0,0
MU-2,https://handbook.dcoz.dc.gov/zones/mixed-use/MU-2/,DC Register 7/28/17 Map Amendment 16-25,Final,MU-2,Permits medium density residential and non-residential buildings,Mixed-Use Zone,,RA-5,MU-2,{FA81EAEE-CE8A-4F68-A533-58CDAFC4F123},741589,0,0
MU-5A,https://handbook.dcoz.dc.gov/zones/mixed-use/MU-5A/,DC Register 8/25/17 - ZC Case 16-21,Final,MU-5A,"Permits medium density, compact mixed-use development with an emphasis on residential use",Mixed-Use Zone,,C-2-B,MU-5A,{CBF6CD1F-23E7-4184-8E7C-5D20511BA3E0},741590,0,0
RA-2,https://handbook.dcoz.dc.gov/zones/residential-apartment/RA-2/,MA from R-4 to R-5-B ZC Case #11-10,Final,RA-2,Permits moderate and medium-density rowhouses and apartments,Residential Apartment Zone,,R-5-B,RA-2,{7C0EA4AF-73CA-434F-B59C-9AE72F5ECF10},741591,0,0
RA-1,https://handbook.dcoz.dc.gov/zones/residential-apartment/RA-1/,"MA from Unzoned to R-5-A, Case # 09-17",Final,RA-1,"Permits low to moderate-density development, including detached dwellings, rowhouses, and low-rise apartments",Residential Apartment Zone,,R-5-A,RA-1,{225F3BC2-5D8D-405D-9C65-91269E2DFDA6},741592,0,0
D-5,https://handbook.dcoz.dc.gov/zones/downtown/d-5/,Lots removed from Housing Priority Area ZCO #08-23,Final,D-5,Promotes high-density development of commercial and mixed-uses in areas that had been receiving areas for transferable development rights under Chapter 17 of the 1958 Zoning Regulations,Downtown Zone,,DD/C-3-C,D-5,{F04E18F4-39FA-445E-98AA-9840D256D862},741593,0,0
RA-2,https://handbook.dcoz.dc.gov/zones/residential-apartment/ra-2/,"MA from RF-1 to RA-2, ZC 17-27",Final,RA-2,Permits moderate and medium-density rowhouses and apartments,Residential Apartment Zone,,R-5-B,RA-2,{58F15853-AE06-4820-887B-596EEFC0C5A5},741594,0,0
MU-5B,https://handbook.dcoz.dc.gov/zones/mixed-use/mu-5/,MA from Unzoned to MU-5B,Final,MU-5B,"Permits medium-density, compact mixed-use development with an emphasis on residential use",Mixed-Use Zone,,C-2-B,MU-5B,{6C36BAEE-3691-4629-A587-44E9D6A20487},741595,0,0
SEFC-1A,https://handbook.dcoz.dc.gov/zones/special-purpose-zones/southeast-federal-center/sefc-1/,ZC Order #17-12,Final,SEFC-1A,"provides for high-density mixed-use development with ground floor retail, and review of the relationship of new buildings to the M Street, S.E. corridor and the adjacent Washington Navy Yard.",Special Purpose Zone,,SEFC-1,SEFC-1A,{E67BFD69-DB12-455E-9E7F-80F4D961C596},741596,0,0
SEFC-1B,https://handbook.dcoz.dc.gov/zones/special-purpose-zones/southeast-federal-center/sefc-1/,ZC Order #17-12,Final,SEFC-1B,"provides for high-density mixed-use development with ground floor retail, and review of the relationship of new buildings to the M Street, S.E. corridor and the adjacent Washington Navy Yard.",Special Purpose Zone,,SEFC-1,SEFC-1B,{2C3013BC-F88A-48FA-9601-C4E1D3108863},741597,0,0
SEFC-1B,https://handbook.dcoz.dc.gov/zones/special-purpose-zones/southeast-federal-center/sefc-1/,ZC Order #17-12,Final,SEFC-1B,"provides for high-density mixed-use development with ground floor retail, and review of the relationship of new buildings to the M Street, S.E. corridor and the adjacent Washington Navy Yard.",Special Purpose Zone,,SEFC-1,SEFC-1B,{867B9DEB-A67E-4C15-8D95-3C7FA42190AE},741598,0,0
MU-3B,https://handbook.dcoz.dc.gov/zones/mixed-use/MU-3/,New Zone MU-3B ZC Case #17-11,Final,MU-3B,Permits low-density mixed-use development,Mixed-Use Zone,,C-1,MU-3B,{9B13AF69-BE77-4455-8A20-EB358304C649},741599,0,0
D-5-R,https://handbook.dcoz.dc.gov/zones/downtown/d-5-r/,ZC Order 18-05,Final,D-5-R,Permits high density commercial and mixed use development through requirements and incentives for residential use,Downtown Zone,,D-2 (Map Amendment from *,D-5-R,{26D1F850-CCE1-47CE-8062-D2A3167611D3},741600,0,0
MU-10,https://handbook.dcoz.dc.gov/zones/mixed-use/MU-10/,ZC Case #18-08 Map Amendment from RA-5 to MU-10,Final,MU-10,Permits medium to high density mixed-use development with a balance of uses ,Mixed-Use Zone,,CR,MU-10,{AE9064F6-DC54-4436-9F5A-5775B3ABDB68},741601,0,0
MU-4,https://handbook.dcoz.dc.gov/zones/mixed-use/MU-4/,"Boundary error, fixed 9/26/19",Final,MU-4,Permits moderate density mixed use development,Mixed-Use Zone,,C-2-A,MU-4,{3AA7AD0B-EA08-4903-B9EF-AEA14AEA39AC},741602,0,0
RA-1,https://handbook.dcoz.dc.gov/zones/residential-apartment/RA-1/,"Official Digital Zoning Map of July 1, 2010",Final,RA-1,"Permits low to moderate-density development, including detached dwellings, rowhouses, and low-rise apartments",Residential Apartment Zone,,R-5-A,RA-1,{9080BD85-7E54-4AC8-A209-77A43BDE3F33},741603,0,0
RA-1,https://handbook.dcoz.dc.gov/zones/residential-apartment/RA-1/,"Official Digital Zoning Map of July 1, 2010",Final,RA-1,"Permits low to moderate-density development, including detached dwellings, rowhouses, and low-rise apartments",Residential Apartment Zone,,R-5-A,RA-1,{B4F2DC59-0D74-450B-AA0C-14E1B348D1C1},741604,0,0
RA-1,https://handbook.dcoz.dc.gov/zones/residential-apartment/RA-1/,"Official Digital Zoning Map of July 1, 2010",Final,RA-1,"Permits low to moderate-density development, including detached dwellings, rowhouses, and low-rise apartments",Residential Apartment Zone,,R-5-A,RA-1,{2E3F359F-824C-4CB9-A925-8F87FE884AA1},741605,0,0
MU-5A,https://handbook.dcoz.dc.gov/zones/mixed-use/MU-5A/,"MA from MU-4 to MU-5A, Case 19-03",Final,MU-5A,"Permits medium density, compact mixed-use development with an emphasis on residential use",Mixed-Use Zone,,C-2-A,MU-5A,{56FAEF4B-ECC6-4DA4-A2EB-44718BA46BF1},741606,0,0
MU-4,https://handbook.dcoz.dc.gov/zones/mixed-use/MU-4/,"Updated for ZC 18-11, MA from PDR-1 to MU-4",Final,MU-4,Permits moderate density mixed use development,Mixed-Use Zone,,C-2-A,MU-4,{D3D0204A-CAE5-476A-9E5C-003AFA73622E},741607,0,0
MU-14,https://handbook.dcoz.dc.gov/zones/mixed-use/MU-14/,"Official Digital Zoning Map of July 1, 2010",Final,MU-14,Permits high density mixed-use development in the vicinity of the waterfront,Mixed-Use Zone,,W-3,MU-14,{A4AC770B-CA0A-4559-BEBB-849085844B7C},741608,0,0
RA-2,https://app.dcoz.dc.gov/Content/Search/ViewCaseReport.aspx?case_id=18-10,MA from R-3 to RA-2,Final,RA-2,Permits moderate and medium-density rowhouses and apartments,Residential Apartment Zone,,R-5-B,RA-2,{125DEA59-4243-4C2B-BAE1-083440E536D0},741609,0,0
NC-17,https://handbook.dcoz.dc.gov/zones/neighborhood-mixed-use/nc-17/,"Change from NC-16 & MU-4 to NC-17, ZC 19-25, DC Reg 9/4/2020",Final,NC-17,Permits mixed-use development at a moderate to medium density with an emphasis on retail uses,Neighborhood Mixed-Use Zone,,HS-R/C-2-A,NC-17,{C58AA2CE-DEDE-4168-A39C-F3BADF29EE47},741610,0,0
MU-13,https://handbook.dcoz.dc.gov/zones/mixed-use/MU-13/,"MA from UNZONED to MU-13, ZC 19-08, DC Reg 9/4/2020",Final,MU-13,Permits moderate density mixed-use development in the vicinity of the waterfront,Mixed-Use Zone,,UNZONED,MU-13,{E91856EF-5323-4800-87CA-22CF11BB6E11},741611,0,0
ARTS-3,https://handbook.dcoz.dc.gov/zones/special-purpose-zones/mixed-use-uptown-arts/arts-3/,"ZC 19-28, MA from RF-1 to ARTS-3",Final,ARTS-3,Permits medium density mixed-use development with a focus on employment,Special Purpose Zone,,ARTS/C-3-A,ARTS-3,{3A60FE82-EFD6-4FD9-A872-B15595BE05B8},741612,0,0
ARTS-4,https://handbook.dcoz.dc.gov/zones/special-purpose-zones/mixed-use-uptown-arts/arts-4/,"ZC 20-16, MA from ARTS-2 to ARTS-4, DC Register 2/5/2021",Final,ARTS-4,Permits medium to high density mixed-use development with a balance of uses ,Special Purpose Zone,,ARTS/CR,ARTS-4,{0C7CCC81-99E0-42DE-B39D-BCA744456289},741613,0,0
WR-15,https://handbook.dcoz.dc.gov/zones/special-purpose-zones/walter-reed/WR-15/,"ZC 19-24A, DC Register 4/30/2021",Final,WR-15,Supports the Development of the former Walter Reed Army Site,Special Purpose Zone,,NEW ZONE,WR-15,{5166EE9B-4D40-466B-BFF8-5CFEA23E88BF},741614,0,0
WR-9,https://handbook.dcoz.dc.gov/zones/special-purpose-zones/walter-reed/WR-9/,"ZC 19-24A, DC Register 4/30/2021",Final,WR-9,Supports the Development of the former Walter Reed Army Site,Special Purpose Zone,,WR-9,WR-9,{D5C89A1A-8D06-4BF9-B42A-6785E07770D5},741615,0,0
WR-11,https://handbook.dcoz.dc.gov/zones/special-purpose-zones/walter-reed/WR-11/,"ZC 19-24A, DC Register 4/30/2021",Final,WR-11,Supports the Development of the former Walter Reed Army Site,Special Purpose Zone,,NEW ZONE,WR-11,{FE8B44F9-64A1-4C71-A97E-02556E1ED007},741616,0,0
WR-12,https://handbook.dcoz.dc.gov/zones/special-purpose-zones/walter-reed/WR-12/,"ZC 19-24A, DC Register 4/30/2021",Final,WR-12,Supports the Development of the former Walter Reed Army Site,Special Purpose Zone,,NEW ZONE,WR-12,{978E9906-05C7-46FD-93D4-2050C611FB65},741617,0,0
WR-13,https://handbook.dcoz.dc.gov/zones/special-purpose-zones/walter-reed/WR-13/,"ZC 19-24A, DC Register 4/30/2021",Final,WR-13,Supports the Development of the former Walter Reed Army Site,Special Purpose Zone,,NEW ZONE,WR-13,{46488BA3-52CB-418D-862A-FC033520795A},741618,0,0
WR-14,https://handbook.dcoz.dc.gov/zones/special-purpose-zones/walter-reed/WR-14/,"ZC 19-24A, DC Register 4/30/2021",Final,WR-14,Supports the Development of the former Walter Reed Army Site,Special Purpose Zone,,NEW ZONE,WR-14,{E3CB6B0B-9906-49B4-90C2-AFD3B992F7A7},741619,0,0
WR-10,https://handbook.dcoz.dc.gov/zones/special-purpose-zones/walter-reed/WR-10/,"ZC 19-24A, DC Register 4/30/2021",Final,WR-10,Supports the Development of the former Walter Reed Army Site,Special Purpose Zone,,NEW ZONE,WR-10,{BFD76F8D-807A-476B-8B64-7DBE94C93D92},741620,0,0
MU-4,https://handbook.dcoz.dc.gov/zones/mixed-use/MU-4/,"ZC 19-17, MA from MU-3A to MU-4, DC Register 5/7/2021",Final,MU-4,Permits moderate density mixed use development,Mixed-Use Zone,,C-2-A,MU-4,{E1F84826-FDC2-4026-BC3C-361F191DB24D},741621,0,0
RA-1,https://handbook.dcoz.dc.gov/zones/residential-apartment/RA-1/,"Official Digital Zoning Map of July 1, 2010",Final,RA-1,"Permits low to moderate-density development, including detached dwellings, rowhouses, and low-rise apartments",Residential Apartment Zone,,R-5-A,RA-1,{4BE8EF1E-CC06-4692-985C-AFCA95E5807B},741622,0,0
RA-2,https://handbook.dcoz.dc.gov/zones/residential-apartment/RA-2/,"MA from RA-1 to RA-2, ZC 19-18",Final,RA-2,Permits moderate and medium-density rowhouses and apartments,Residential Apartment Zone,,R-5-B,RA-2,{9FB04E0F-3A00-40EC-A11D-28CFFACF867B},741623,0,0
UNZONED,https://handbook.dcoz.dc.gov/,"Fixed Topology Errors 11/05/13, Fixed Error Baist Book - Sq 1194 and Sq  1214, 7/8/14, Fixed Topology Errors 5/6/2021",Final,UNZONED,,Unzoned,,UNZONED,UNZONED,{8F1F778C-A759-4592-8BAF-9B718903DFF8},741624,0,0
MU-10,https://handbook.dcoz.dc.gov/zones/mixed-use/MU-10/,"ZC 21-01, 20-23, MA from PDR-2 TO MU-10",Final,MU-10,Permits medium to high density mixed-use development with a balance of uses ,Mixed-Use Zone,,CR,MU-10,{6BD89888-C92E-43B8-AD25-0A94317A0119},741625,0,0
RA-1,https://handbook.dcoz.dc.gov/zones/residential-apartment/RA-1/,"Official Digital Zoning Map of July 1, 2010, Fixed topology 5/6/2021",Final,RA-1,"Permits low to moderate-density development, including detached dwellings, rowhouses, and low-rise apartments",Residential Apartment Zone,,R-5-A,RA-1,{626604B8-B67C-43B1-A0A3-E1849603FDD4},741626,0,0
RA-1,https://handbook.dcoz.dc.gov/zones/residential-apartment/RA-1/,"Official Digital Zoning Map of July 1, 2010, Fixed topology 5/6/2021",Final,RA-1,"Permits low to moderate-density development, including detached dwellings, rowhouses, and low-rise apartments",Residential Apartment Zone,,R-5-A,RA-1,{F8D49E08-2E2D-45D8-B56C-105B00EE0D50},741627,0,0
MU-8B,https://handbook.dcoz.dc.gov/zones/mixed-use/MU-8/,"ZC 21-17, MA from RA-1 to MU-8B, DC Reg 7/15/2022",Final,MU-8B,Permits medium-density mixed-use development with a focus on employment,Mixed-Use Zone,,C-3-B,MU-8B,{6E5B86BA-738D-44F1-99E2-60868718CFCA},741628,0,0
BF-1A,https://handbook.dcoz.dc.gov/zones/special-purpose-zones/barry-farm/bf-1/,"ZC 20-24, MA from RA-1 to BF-1A, DC Register 12/31/2021",Final,BF-1A,Facilitate implementation of the Barry Farm/Park Chester/Wade Road Redevelopment Plan,Special Purpose Zone,,NEW ZONE,BF-1A,{A60B35C9-8D6F-4B98-8BF0-9A02CDF6AB74},741629,0,0
BF-2A,https://handbook.dcoz.dc.gov/zones/special-purpose-zones/barry-farm/bf-2/,"ZC 20-24, MA from RA-1 to BF-2A, DC Register 12/31/2021",Final,BF-2A,Facilitate implementation of the Barry Farm/Park Chester/Wade Road Redevelopment Plan,Special Purpose Zone,,NEW ZONE,BF-2A,{AC623E9C-A42D-480F-ACB2-2FA2FFD850B6},741630,0,0
BF-1B,https://handbook.dcoz.dc.gov/zones/special-purpose-zones/barry-farm/bf-1/,"ZC 20-24, MA from RA-1 to BF-1B, DC Register 12/31/2021",Final,BF-1B,Facilitate implementation of the Barry Farm/Park Chester/Wade Road Redevelopment Plan,Special Purpose Zone,,NEW ZONE,BF-1B,{8500C559-B4E3-4213-B82A-8A4389ADFFB4},741631,0,0
BF-2C,https://handbook.dcoz.dc.gov/zones/special-purpose-zones/barry-farm/bf-2/,"ZC 20-24, MA from RA-1 to BF-2C, DC Register 12/31/2021",Final,BF-2C,Facilitate implementation of the Barry Farm/Park Chester/Wade Road Redevelopment Plan,Special Purpose Zone,,NEW ZONE,BF-2C,{2F0E9D0F-43F5-42B1-AA46-00F4EBD63615},741632,0,0
BF-2D,https://handbook.dcoz.dc.gov/zones/special-purpose-zones/barry-farm/bf-2/,"ZC 20-24, MA from RA-1 to BF-2D, DC Register 12/31/2021",Final,BF-2D,Facilitate implementation of the Barry Farm/Park Chester/Wade Road Redevelopment Plan,Special Purpose Zone,,NEW ZONE,BF-2D,{4C372DBD-1C58-40A5-9723-1305F8CCB259},741633,0,0
RA-1,https://handbook.dcoz.dc.gov/zones/residential-apartment/RA-1/,"Official Digital Zoning Map of July 1, 2010",Final,RA-1,"Permits low to moderate-density development, including detached dwellings, rowhouses, and low-rise apartments",Residential Apartment Zone,,R-5-A,RA-1,{52CD4A3D-FA13-41D5-88D0-6A2AC73A7DC4},741634,0,0
BF-2B,https://handbook.dcoz.dc.gov/zones/special-purpose-zones/barry-farm/bf-2/,"ZC 20-24, MA from RA-1 to BF-2B, DC Register 12/31/2021",Final,BF-2B,Facilitate implementation of the Barry Farm/Park Chester/Wade Road Redevelopment Plan,Special Purpose Zone,,NEW ZONE,BF-2B,{A3BA5514-139C-48D6-A6C4-7CC14AE0B155},741635,0,0
ARTS-2,https://handbook.dcoz.dc.gov/zones/special-purpose-zones/mixed-use-uptown-arts/arts-2/,"ZC 21-15, MA from RF-1 to ARTS-2 (IZ+)",Final,ARTS-2 (IZ+),"Permits medium density, compact mixed use development with an emphasis on residential development",Special Purpose Zone,IZ+,ARTS/C-2-B,ARTS-2,{D3422867-3C88-488A-ABBB-B67BDC7004EC},741636,0,0
MU-4,https://handbook.dcoz.dc.gov/zones/mixed-use/MU-4/,"ZC 21-19, MA RA-1 to MU-4, DC Register 6/10/2022",Final,MU-4,Permits moderate density mixed use development,Mixed-Use Zone,IZ+ Exempt,C-2-A,MU-4,{A0048656-EF7B-4ADA-BA21-A41CDF7DC189},741637,0,0
RA-2,https://handbook.dcoz.dc.gov/zones/residential/R-2/,"ZC 21-11, MA from R-2 to RA-2, IZ+, DC Reg 7/22/2022",Final,RA-2 (IZ+),Permits moderate and medium-density rowhouses and apartments,Residential Apartment Zone,,R-5-B,RA-2,{5583CC85-84FE-44AF-A171-4584A2787E32},741638,0,0
MU-5A,https://handbook.dcoz.dc.gov/zones/mixed-use/MU-4/,"MA from MU-4 to MU-5A, Case 19-30",Final,MU-5A,"Permits medium density, compact mixed-use development with an emphasis on residential use",Mixed-Use Zone,,C-2-A,MU-5A,{D4F17CE5-32D1-47BE-A6C1-E14FFFBCC542},741639,0,0
RA-2,https://handbook.dcoz.dc.gov/zones/residential-apartment/RA-2/,"Official Digital Zoning Map of July 1, 2010",Final,RA-2,Permits moderate and medium-density rowhouses and apartments,Residential Apartment Zone,,R-5-B,RA-2,{28A44AF8-1832-4BBA-8C6E-9EF5ADD70C45},741640,0,0
RA-2,https://handbook.dcoz.dc.gov/zones/residential-apartment/RA-2/,"Official Digital Zoning Map of July 1, 2010",Final,RA-2,Permits moderate and medium-density rowhouses and apartments,Residential Apartment Zone,,R-5-B,RA-2,{795DB701-BEEF-46E5-B106-74952591C847},741641,0,0
WR-4,https://handbook.dcoz.dc.gov/zones/special-purpose-zones/Walter-Reed/WR-4/,Zoning Order 14-22,Final,WR-4,Supports the Development of the former Walter Reed Army Site,Special Purpose Zone,,WR-4,WR-4,{6EC2C6D0-D554-4B0B-BF40-48856FE6D743},741642,0,0
WR-6,https://handbook.dcoz.dc.gov/zones/special-purpose-zones/Walter-Reed/WR-6/,Zoning Order 14-22,Final,WR-6,Supports the Development of the former Walter Reed Army Site,Special Purpose Zone,,WR-6,WR-6,{6BDEC1C6-302C-436C-B45E-826021CF6FB2},741643,0,0
WR-3,https://handbook.dcoz.dc.gov/zones/special-purpose-zones/Walter-Reed/WR-3/,Zoning Order 14-22,Final,WR-3,Supports the Development of the former Walter Reed Army Site,Special Purpose Zone,,WR-3,WR-3,{DD42BD82-4307-48A7-B898-4B281A9C1B2E},741644,0,0
RA-2,https://handbook.dcoz.dc.gov/zones/residential-apartment/RA-2/,"MA from RA-1 to RA-2, ZC 19-02",Final,RA-2,Permits moderate and medium-density rowhouses and apartments,Residential Apartment Zone,,R-5-B,RA-2,{25FDA25C-4251-4333-B3E0-C93ADEAFC043},741645,0,0
RA-1,https://handbook.dcoz.dc.gov/zones/residential-apartment/RA-1/,"Official Digital Zoning Map of July 1, 2010",Final,RA-1,"Permits low to moderate-density development, including detached dwellings, rowhouses, and low-rise apartments",Residential Apartment Zone,,R-5-A,RA-1,{7B888F0D-4212-4E9C-83FB-FF76774AE529},741646,0,0
MU-4,https://handbook.dcoz.dc.gov/zones/mixed-use/MU-4/,"ZC 21-21, MA from MU-3A to MU-4, DC Register 9/9/2022",Final,MU-4 (IZ+),Permits moderate density mixed use development,Mixed-Use Zone,IZ+,C-2-A,MU-4,{D0AD4180-F65A-4FA8-B307-5D15F6E62317},741647,0,0
NC-15,https://handbook.dcoz.dc.gov/zones/neighborhood-mixed-use/nc-15/,"ZC 22-03: MA from NC-14 to NC-15 (IZ+), DC Register 10/7/2022",Final,NC-15 (IZ+),Permits mixed-use development at a medium density with an emphasis on employment and arts-realted uses,Neighborhood Mixed-Use Zone,IZ+,HS-A/C-3-A,NC-15,{87097C9D-198C-4A9B-9435-DCD12A4C2013},741648,0,0
MU-4,https://handbook.dcoz.dc.gov/zones/mixed-use/MU-4/,"ZC 21-14, MA from R-1-B to MU-4 (IZ+), DC Register 12/23/2022",Final,MU-4,Permits moderate density mixed use development,Mixed-Use Zone,IZ+,C-2-A,MU-4,{9F319873-6B7A-4703-A902-EBD5D6232317},741649,0,0
WR-7,https://handbook.dcoz.dc.gov/zones/special-purpose-zones/Walter-Reed/WR-7/,Zoning Order 14-22,Final,WR-7,Supports the Development of the former Walter Reed Army Site,Special Purpose Zone,,WR-7,WR-7,{C5A8E61A-5A23-4790-9378-18EF58D91174},741650,0,0
WR-6,https://handbook.dcoz.dc.gov/zones/special-purpose-zones/Walter-Reed/WR-6/,Zoning Order 14-22,Final,WR-6,Supports the Development of the former Walter Reed Army Site,Special Purpose Zone,,WR-6,WR-6,{C6BEDB2E-B4D1-4A86-959F-7798502DA2A5},741651,0,0
R-1-B,https://handbook.dcoz.dc.gov/zones/residential/R-1-B/,"Fixed zoning boundary in Square 2729 on April 24, 2012 to match official zoning records, Mutipart created by insertion of WR zones split 1/4/2023",Final,R-1-B,Provides areas predominantly developed with detached houses on moderately sized lots.,Residential Zone,,R-1-B,R-1-B,{A5EE28E9-922F-4BD6-B9D7-AC4E60133836},741652,0,0
R-1-B,https://handbook.dcoz.dc.gov/zones/residential/R-1-B/,"Fixed zoning boundary in Square 2729 on April 24, 2012 to match official zoning records, Mutipart created by insertion of WR zones split 1/4/2023",Final,R-1-B,Provides areas predominantly developed with detached houses on moderately sized lots.,Residential Zone,,R-1-B,R-1-B,{55F10AFE-8EB0-46AA-AF2A-EB0370C49378},741653,0,0
R-1-B,https://handbook.dcoz.dc.gov/zones/residential/R-1-B/,"Fixed zoning boundary in Square 2729 on April 24, 2012 to match official zoning records, Mutipart created by insertion of WR zones split 1/4/2023",Final,R-1-B,Provides areas predominantly developed with detached houses on moderately sized lots.,Residential Zone,,R-1-B,R-1-B,{A4FC6AAF-8276-4583-8543-BF71FD909962},741654,0,0
RA-2,https://handbook.dcoz.dc.gov/zones/residential-apartment/RA-2/,"ZC 22-17, MA RA-1 to RA-2 (IZ+), DC Register 1/20/2023",Final,RA-2,Permits moderate and medium-density rowhouses and apartments,Residential Apartment Zone,IZ+,R-5-B,RA-2,{6FD4403E-9FBE-4459-B703-A0D0C1C60B59},741655,0,0
RA-1,https://handbook.dcoz.dc.gov/zones/residential-apartment/RA-1/,"Official Digital Zoning Map of July 1, 2010",Final,RA-1,"Permits low to moderate-density development, including detached dwellings, rowhouses, and low-rise apartments",Residential Apartment Zone,,R-5-A,RA-1,{68E1E5F2-0DCD-45C6-BB37-34E43B34BB2A},741656,0,0
